 1.00000000e+00  9.09099193e-07 
 1.12201845e+00  8.58245935e-07 
 1.25892541e+00  8.10237420e-07 
 1.41253754e+00  7.64914520e-07 
 1.58489319e+00  7.22127006e-07 
 1.77827941e+00  6.81733055e-07 
 1.99526231e+00  6.43598778e-07 
 2.23872114e+00  6.07597774e-07 
 2.51188643e+00  5.73610715e-07 
 2.81838293e+00  5.41524946e-07 
 3.16227766e+00  5.11234117e-07 
 3.54813389e+00  4.82637826e-07 
 3.98107171e+00  4.55641286e-07 
 4.46683592e+00  4.30155016e-07 
 5.01187234e+00  4.06094538e-07 
 5.62341325e+00  3.83380101e-07 
 6.30957344e+00  3.61936417e-07 
 7.07945784e+00  3.41692408e-07 
 7.94328235e+00  3.22580973e-07 
 8.91250938e+00  3.04538765e-07 
 1.00000000e+01  2.87505982e-07 
 1.12201845e+01  2.71426167e-07 
 1.25892541e+01  2.56246021e-07 
 1.41253754e+01  2.41915228e-07 
 1.58489319e+01  2.28386288e-07 
 1.77827941e+01  2.15614358e-07 
 1.99526231e+01  2.03557103e-07 
 2.23872114e+01  1.92174559e-07 
 2.51188643e+01  1.81428996e-07 
 2.81838293e+01  1.71284799e-07 
 3.16227766e+01  1.61708342e-07 
 3.54813389e+01  1.52667883e-07 
 3.98107171e+01  1.44133458e-07 
 4.46683592e+01  1.36076777e-07 
 5.01187234e+01  1.28471136e-07 
 5.62341325e+01  1.21291326e-07 
 6.30957344e+01  1.14513547e-07 
 7.07945784e+01  1.08115335e-07 
 7.94328235e+01  1.02075481e-07 
 8.91250938e+01  9.63739664e-08 
 1.00000000e+02  9.09918921e-08 
 1.12201845e+02  8.59114186e-08 
 1.25892541e+02  8.11157061e-08 
 1.41253754e+02  7.65888584e-08 
 1.58489319e+02  7.23158705e-08 
 1.77827941e+02  6.82825790e-08 
 1.99526231e+02  6.44756146e-08 
 2.23872114e+02  6.08823583e-08 
 2.51188643e+02  5.74908995e-08 
 2.81838293e+02  5.42899961e-08 
 3.16227766e+02  5.12690378e-08 
 3.54813389e+02  4.84180102e-08 
 3.98107171e+02  4.57274624e-08 
 4.46683592e+02  4.31884751e-08 
 5.01187234e+02  4.07926310e-08 
 5.62341325e+02  3.85319870e-08 
 6.30957344e+02  3.63990481e-08 
 7.07945784e+02  3.43867419e-08 
 7.94328235e+02  3.24883955e-08 
 8.91250938e+02  3.06977133e-08 
 1.00000000e+03  2.90087556e-08 
 1.12201845e+03  2.74159195e-08 
 1.25892541e+03  2.59139197e-08 
 1.41253754e+03  2.44977709e-08 
 1.58489319e+03  2.31627712e-08 
 1.77827941e+03  2.19044862e-08 
 1.99526231e+03  2.07187342e-08 
 2.23872114e+03  1.96015717e-08 
 2.51188643e+03  1.85492806e-08 
 2.81838293e+03  1.75583549e-08 
 3.16227766e+03  1.66254889e-08 
 3.54813389e+03  1.57475658e-08 
 3.98107171e+03  1.49216467e-08 
 4.46683592e+03  1.41449601e-08 
 5.01187234e+03  1.34148922e-08 
 5.62341325e+03  1.27289772e-08 
 6.30957344e+03  1.20848885e-08 
 7.07945784e+03  1.14804295e-08 
 7.94328235e+03  1.09135257e-08 
 8.91250938e+03  1.03822165e-08 
 1.00000000e+04  9.88464713e-09 
 1.12201845e+04  9.41906168e-09 
 1.25892541e+04  8.98379554e-09 
 1.41253754e+04  8.57726861e-09 
 1.58489319e+04  8.19797876e-09 
 1.77827941e+04  7.84449555e-09 
 1.99526231e+04  7.51545429e-09 
 2.23872114e+04  7.20955061e-09 
 2.51188643e+04  6.92553534e-09 
 2.81838293e+04  6.66220994e-09 
 3.16227766e+04  6.41842246e-09 
 3.54813389e+04  6.19306399e-09 
 3.98107171e+04  5.98506580e-09 
 4.46683592e+04  5.79339696e-09 
 5.01187234e+04  5.61706257e-09 
 5.62341325e+04  5.45510263e-09 
 6.30957344e+04  5.30659133e-09 
 7.07945784e+04  5.17063678e-09 
 7.94328235e+04  5.04638117e-09 
 8.91250938e+04  4.93300116e-09 
 1.00000000e+05  4.82970843e-09 
 1.12201845e+05  4.73575030e-09 
 1.25892541e+05  4.65041040e-09 
 1.41253754e+05  4.57300911e-09 
 1.58489319e+05  4.50290397e-09 
 1.77827941e+05  4.43948980e-09 
 1.99526231e+05  4.38219853e-09 
 2.23872114e+05  4.33049889e-09 
 2.51188643e+05  4.28389573e-09 
 2.81838293e+05  4.24192913e-09 
 3.16227766e+05  4.20417332e-09 
 3.54813389e+05  4.17023534e-09 
 3.98107171e+05  4.13975360e-09 
 4.46683592e+05  4.11239632e-09 
 5.01187234e+05  4.08785981e-09 
 5.62341325e+05  4.06586683e-09 
 6.30957344e+05  4.04616482e-09 
 7.07945784e+05  4.02852418e-09 
 7.94328235e+05  4.01273659e-09 
 8.91250938e+05  3.99861334e-09 
 1.00000000e+06  3.98598382e-09 
