 1.00000000e-01  9.99999000e-04 
 1.12201845e-01  9.99999000e-04 
 1.25892541e-01  9.99999000e-04 
 1.41253754e-01  9.99999000e-04 
 1.58489319e-01  9.99999000e-04 
 1.77827941e-01  9.99999000e-04 
 1.99526231e-01  9.99999000e-04 
 2.23872114e-01  9.99999000e-04 
 2.51188643e-01  9.99999000e-04 
 2.81838293e-01  9.99999000e-04 
 3.16227766e-01  9.99999000e-04 
 3.54813389e-01  9.99999000e-04 
 3.98107171e-01  9.99999000e-04 
 4.46683592e-01  9.99999000e-04 
 5.01187234e-01  9.99999000e-04 
 5.62341325e-01  9.99999000e-04 
 6.30957344e-01  9.99999000e-04 
 7.07945784e-01  9.99999000e-04 
 7.94328235e-01  9.99999000e-04 
 8.91250938e-01  9.99999000e-04 
 1.00000000e+00  9.99999000e-04 
 1.12201845e+00  9.99999000e-04 
 1.25892541e+00  9.99999000e-04 
 1.41253754e+00  9.99999000e-04 
 1.58489319e+00  9.99999000e-04 
 1.77827941e+00  9.99999000e-04 
 1.99526231e+00  9.99999000e-04 
 2.23872114e+00  9.99999000e-04 
 2.51188643e+00  9.99999000e-04 
 2.81838293e+00  9.99999000e-04 
 3.16227766e+00  9.99999000e-04 
 3.54813389e+00  9.99999000e-04 
 3.98107171e+00  9.99999000e-04 
 4.46683592e+00  9.99999000e-04 
 5.01187234e+00  9.99999000e-04 
 5.62341325e+00  9.99999000e-04 
 6.30957344e+00  9.99999000e-04 
 7.07945784e+00  9.99999000e-04 
 7.94328235e+00  9.99999000e-04 
 8.91250938e+00  9.99999000e-04 
 1.00000000e+01  9.99999000e-04 
 1.12201845e+01  9.99999000e-04 
 1.25892541e+01  9.99999000e-04 
 1.41253754e+01  9.99999000e-04 
 1.58489319e+01  9.99999000e-04 
 1.77827941e+01  9.99999000e-04 
 1.99526231e+01  9.99999000e-04 
 2.23872114e+01  9.99999000e-04 
 2.51188643e+01  9.99999000e-04 
 2.81838293e+01  9.99999000e-04 
 3.16227766e+01  9.99999000e-04 
 3.54813389e+01  9.99999000e-04 
 3.98107171e+01  9.99999000e-04 
 4.46683592e+01  9.99999000e-04 
 5.01187234e+01  9.99999000e-04 
 5.62341325e+01  9.99999000e-04 
 6.30957344e+01  9.99999000e-04 
 7.07945784e+01  9.99999000e-04 
 7.94328235e+01  9.99999000e-04 
 8.91250938e+01  9.99999000e-04 
 1.00000000e+02  9.99999000e-04 
 1.12201845e+02  9.87421161e-04 
 1.25892541e+02  9.74681025e-04 
 1.41253754e+02  9.61772140e-04 
 1.58489319e+02  9.48687620e-04 
 1.77827941e+02  9.35420093e-04 
 1.99526231e+02  9.21961659e-04 
 2.23872114e+02  9.08303831e-04 
 2.51188643e+02  8.94437477e-04 
 2.81838293e+02  8.80352742e-04 
 3.16227766e+02  8.66038971e-04 
 3.54813389e+02  8.51484615e-04 
 3.98107171e+02  8.36677118e-04 
 4.46683592e+02  8.21602793e-04 
 5.01187234e+02  8.06246674e-04 
 5.62341325e+02  7.90592341e-04 
 6.30957344e+02  7.74621714e-04 
 7.07945784e+02  7.58314809e-04 
 7.94328235e+02  7.41649445e-04 
 8.91250938e+02  7.24600890e-04 
 1.00000000e+03  7.07141429e-04 
 1.12201845e+03  6.89239835e-04 
 1.25892541e+03  6.70860716e-04 
 1.41253754e+03  6.51963688e-04 
 1.58489319e+03  6.32502332e-04 
 1.77827941e+03  6.12422852e-04 
 1.99526231e+03  5.91662319e-04 
 2.23872114e+03  5.70146341e-04 
 2.51188643e+03  5.47785907e-04 
 2.81838293e+03  5.24473021e-04 
 3.16227766e+03  5.00074494e-04 
 3.54813389e+03  4.74422860e-04 
 3.98107171e+03  4.47302582e-04 
 4.46683592e+03  4.18428190e-04 
 5.01187234e+03  3.87407666e-04 
 5.62341325e+03  3.53676759e-04 
 6.30957344e+03  3.16369720e-04 
 7.07945784e+03  2.74029834e-04 
 7.94328235e+03  2.23818900e-04 
 8.91250938e+03  1.58421747e-04 
 1.00000000e+04  9.99999083e-06 
 1.12201845e+04  9.99999083e-06 
 1.25892541e+04  9.99999083e-06 
 1.41253754e+04  9.99999083e-06 
 1.58489319e+04  9.99999083e-06 
 1.77827941e+04  9.99999083e-06 
 1.99526231e+04  9.99999083e-06 
 2.23872114e+04  9.99999083e-06 
 2.51188643e+04  9.99999083e-06 
 2.81838293e+04  9.99999083e-06 
 3.16227766e+04  9.99999083e-06 
 3.54813389e+04  9.99999083e-06 
 3.98107171e+04  9.99999083e-06 
 4.46683592e+04  9.99999083e-06 
 5.01187234e+04  9.99999083e-06 
 5.62341325e+04  9.99999083e-06 
 6.30957344e+04  9.99999083e-06 
 7.07945784e+04  9.99999083e-06 
 7.94328235e+04  9.99999083e-06 
 8.91250938e+04  9.99999083e-06 
 1.00000000e+05  9.99999083e-06 
