 1.00000000e-01  9.99999000e-04 
 1.12201845e-01  9.99999000e-04 
 1.25892541e-01  9.99999000e-04 
 1.41253754e-01  9.99999000e-04 
 1.58489319e-01  9.99999000e-04 
 1.77827941e-01  9.99999000e-04 
 1.99526231e-01  9.99999000e-04 
 2.23872114e-01  9.99999000e-04 
 2.51188643e-01  9.99999000e-04 
 2.81838293e-01  9.99999000e-04 
 3.16227766e-01  9.99999000e-04 
 3.54813389e-01  9.99999000e-04 
 3.98107171e-01  9.99999000e-04 
 4.46683592e-01  9.99999000e-04 
 5.01187234e-01  9.99999000e-04 
 5.62341325e-01  9.99999000e-04 
 6.30957344e-01  9.99999000e-04 
 7.07945784e-01  9.99999000e-04 
 7.94328235e-01  9.99999000e-04 
 8.91250938e-01  9.99999000e-04 
 1.00000000e+00  9.99999000e-04 
 1.12201845e+00  9.99999000e-04 
 1.25892541e+00  9.99999000e-04 
 1.41253754e+00  9.99999000e-04 
 1.58489319e+00  9.99999000e-04 
 1.77827941e+00  9.99999000e-04 
 1.99526231e+00  9.99999000e-04 
 2.23872114e+00  9.99999000e-04 
 2.51188643e+00  9.99999000e-04 
 2.81838293e+00  9.99999000e-04 
 3.16227766e+00  9.99999000e-04 
 3.54813389e+00  9.99999000e-04 
 3.98107171e+00  9.99999000e-04 
 4.46683592e+00  9.99999000e-04 
 5.01187234e+00  9.99999000e-04 
 5.62341325e+00  9.99999000e-04 
 6.30957344e+00  9.99999000e-04 
 7.07945784e+00  9.99999000e-04 
 7.94328235e+00  9.99999000e-04 
 8.91250938e+00  9.99999000e-04 
 1.00000000e+01  9.99999000e-04 
 1.12201845e+01  9.99999000e-04 
 1.25892541e+01  9.99999000e-04 
 1.41253754e+01  9.99999000e-04 
 1.58489319e+01  9.99999000e-04 
 1.77827941e+01  9.99999000e-04 
 1.99526231e+01  9.99999000e-04 
 2.23872114e+01  9.99999000e-04 
 2.51188643e+01  9.99999000e-04 
 2.81838293e+01  9.99999000e-04 
 3.16227766e+01  9.99999000e-04 
 3.54813389e+01  9.99999000e-04 
 3.98107171e+01  9.99999000e-04 
 4.46683592e+01  9.99999000e-04 
 5.01187234e+01  9.99999000e-04 
 5.62341325e+01  9.99999000e-04 
 6.30957344e+01  9.99999000e-04 
 7.07945784e+01  9.99999000e-04 
 7.94328235e+01  9.99999000e-04 
 8.91250938e+01  9.99999000e-04 
 1.00000000e+02  9.99999000e-04 
 1.12201845e+02  9.99382617e-04 
 1.25892541e+02  9.98690572e-04 
 1.41253754e+02  9.97913513e-04 
 1.58489319e+02  9.97040917e-04 
 1.77827941e+02  9.96060939e-04 
 1.99526231e+02  9.94960236e-04 
 2.23872114e+02  9.93723775e-04 
 2.51188643e+02  9.92334610e-04 
 2.81838293e+02  9.90773622e-04 
 3.16227766e+02  9.89019231e-04 
 3.54813389e+02  9.87047060e-04 
 3.98107171e+02  9.84829547e-04 
 4.46683592e+02  9.82335496e-04 
 5.01187234e+02  9.79529566e-04 
 5.62341325e+02  9.76371661e-04 
 6.30957344e+02  9.72816229e-04 
 7.07945784e+02  9.68811436e-04 
 7.94328235e+02  9.64298184e-04 
 8.91250938e+02  9.59208953e-04 
 1.00000000e+03  9.53466403e-04 
 1.12201845e+03  9.46981701e-04 
 1.25892541e+03  9.39652472e-04 
 1.41253754e+03  9.31360281e-04 
 1.58489319e+03  9.21967509e-04 
 1.77827941e+03  9.11313403e-04 
 1.99526231e+03  8.99209035e-04 
 2.23872114e+03  8.85430741e-04 
 2.51188643e+03  8.69711422e-04 
 2.81838293e+03  8.51728756e-04 
 3.16227766e+03  8.31088789e-04 
 3.54813389e+03  8.07302405e-04 
 3.98107171e+03  7.79750307e-04 
 4.46683592e+03  7.47628554e-04 
 5.01187234e+03  7.09859061e-04 
 5.62341325e+03  6.64931859e-04 
 6.30957344e+03  6.10599981e-04 
 7.07945784e+03  5.43207297e-04 
 7.94328235e+03  4.55881637e-04 
 8.91250938e+03  3.31566483e-04 
 1.00000000e+04  9.99999083e-06 
 1.12201845e+04  9.99999083e-06 
 1.25892541e+04  9.99999083e-06 
 1.41253754e+04  9.99999083e-06 
 1.58489319e+04  9.99999083e-06 
 1.77827941e+04  9.99999083e-06 
 1.99526231e+04  9.99999083e-06 
 2.23872114e+04  9.99999083e-06 
 2.51188643e+04  9.99999083e-06 
 2.81838293e+04  9.99999083e-06 
 3.16227766e+04  9.99999083e-06 
 3.54813389e+04  9.99999083e-06 
 3.98107171e+04  9.99999083e-06 
 4.46683592e+04  9.99999083e-06 
 5.01187234e+04  9.99999083e-06 
 5.62341325e+04  9.99999083e-06 
 6.30957344e+04  9.99999083e-06 
 7.07945784e+04  9.99999083e-06 
 7.94328235e+04  9.99999083e-06 
 8.91250938e+04  9.99999083e-06 
 1.00000000e+05  9.99999083e-06 
