 1.00000000e+03  1.00000000e+00  0.00000000e+00  1.00000000e+03  1.00000000e+00 -6.28318531e-06 
 1.25892541e+03  1.00000000e+00  0.00000000e+00  1.25892541e+03  1.00000000e+00 -7.91006165e-06 
 1.58489319e+03  1.00000000e+00  0.00000000e+00  1.58489319e+03  1.00000000e+00 -9.95817762e-06 
 1.99526231e+03  1.00000000e+00  0.00000000e+00  1.99526231e+03  1.00000000e+00 -1.25366029e-05 
 2.51188643e+03  1.00000000e+00  0.00000000e+00  2.51188643e+03  1.00000000e+00 -1.57826479e-05 
 3.16227766e+03  1.00000000e+00  0.00000000e+00  3.16227766e+03  1.00000000e+00 -1.98691765e-05 
 3.98107171e+03  1.00000000e+00  0.00000000e+00  3.98107171e+03  9.99999999e-01 -2.50138112e-05 
 5.01187234e+03  1.00000000e+00  0.00000000e+00  5.01187234e+03  9.99999999e-01 -3.14905226e-05 
 6.30957344e+03  1.00000000e+00  0.00000000e+00  6.30957344e+03  9.99999998e-01 -3.96442191e-05 
 7.94328235e+03  1.00000000e+00  0.00000000e+00  7.94328235e+03  9.99999998e-01 -4.99091148e-05 
 1.00000000e+04  1.00000000e+00  0.00000000e+00  1.00000000e+04  9.99999996e-01 -6.28318528e-05 
 1.25892541e+04  1.00000000e+00  0.00000000e+00  1.25892541e+04  9.99999994e-01 -7.91006160e-05 
 1.58489319e+04  1.00000000e+00  0.00000000e+00  1.58489319e+04  9.99999990e-01 -9.95817752e-05 
 1.99526231e+04  1.00000000e+00  0.00000000e+00  1.99526231e+04  9.99999984e-01 -1.25366027e-04 
 2.51188643e+04  1.00000000e+00  0.00000000e+00  2.51188643e+04  9.99999975e-01 -1.57826475e-04 
 3.16227766e+04  1.00000000e+00  0.00000000e+00  3.16227766e+04  9.99999961e-01 -1.98691757e-04 
 3.98107171e+04  1.00000000e+00  0.00000000e+00  3.98107171e+04  9.99999937e-01 -2.50138097e-04 
 5.01187234e+04  1.00000000e+00  0.00000000e+00  5.01187234e+04  9.99999901e-01 -3.14905195e-04 
 6.30957344e+04  1.00000000e+00  0.00000000e+00  6.30957344e+04  9.99999843e-01 -3.96442129e-04 
 7.94328235e+04  1.00000000e+00  0.00000000e+00  7.94328235e+04  9.99999751e-01 -4.99091025e-04 
 1.00000000e+05  1.00000000e+00  0.00000000e+00  1.00000000e+05  9.99999605e-01 -6.28318283e-04 
 1.25892541e+05  1.00000000e+00  0.00000000e+00  1.25892541e+05  9.99999374e-01 -7.91005670e-04 
 1.58489319e+05  1.00000000e+00  0.00000000e+00  1.58489319e+05  9.99999008e-01 -9.95816775e-04 
 1.99526231e+05  1.00000000e+00  0.00000000e+00  1.99526231e+05  9.99998428e-01 -1.25365832e-03 
 2.51188643e+05  1.00000000e+00  0.00000000e+00  2.51188643e+05  9.99997509e-01 -1.57826086e-03 
 3.16227766e+05  1.00000000e+00  0.00000000e+00  3.16227766e+05  9.99996052e-01 -1.98690981e-03 
 3.98107171e+05  1.00000000e+00  0.00000000e+00  3.98107171e+05  9.99993743e-01 -2.50136547e-03 
 5.01187234e+05  1.00000000e+00  0.00000000e+00  5.01187234e+05  9.99990084e-01 -3.14902104e-03 
 6.30957344e+05  1.00000000e+00  0.00000000e+00  6.30957344e+05  9.99984284e-01 -3.96435961e-03 
 7.94328235e+05  1.00000000e+00  0.00000000e+00  7.94328235e+05  9.99975091e-01 -4.99078718e-03 
 1.00000000e+06  1.00000000e+00  0.00000000e+00  1.00000000e+06  9.99960523e-01 -6.28293727e-03 
 1.25892541e+06  1.00000000e+00  0.00000000e+00  1.25892541e+06  9.99937435e-01 -7.90956676e-03 
 1.58489319e+06  1.00000000e+00  0.00000000e+00  1.58489319e+06  9.99900845e-01 -9.95719021e-03 
 1.99526231e+06  1.00000000e+00  0.00000000e+00  1.99526231e+06  9.99842858e-01 -1.25346328e-02 
 2.51188643e+06  1.00000000e+00  0.00000000e+00  2.51188643e+06  9.99750970e-01 -1.57787176e-02 
 3.16227766e+06  1.00000000e+00  0.00000000e+00  3.16227766e+06  9.99605372e-01 -1.98613356e-02 
 3.98107171e+06  1.00000000e+00  0.00000000e+00  3.98107171e+06  9.99374700e-01 -2.49981701e-02 
 5.01187234e+06  1.00000000e+00  0.00000000e+00  5.01187234e+06  9.99009329e-01 -3.14593259e-02 
 6.30957344e+06  1.00000000e+00  0.00000000e+00  6.30957344e+06  9.98430802e-01 -3.95820095e-02 
 7.94328235e+06  1.00000000e+00  0.00000000e+00  7.94328235e+06  9.97515270e-01 -4.97851042e-02 
 1.00000000e+07  1.00000000e+00  0.00000000e+00  1.00000000e+07  9.96067682e-01 -6.25847783e-02 
 1.25892541e+07  1.00000000e+00  0.00000000e+00  1.25892541e+07  9.93781998e-01 -7.86087687e-02 
 1.58489319e+07  1.00000000e+00  0.00000000e+00  1.58489319e+07  9.90180842e-01 -9.86039670e-02 
 1.99526231e+07  1.00000000e+00  0.00000000e+00  1.99526231e+07  9.84526550e-01 -1.23426184e-01 
 2.51188643e+07  1.00000000e+00  0.00000000e+00  2.51188643e+07  9.75696191e-01 -1.53990695e-01 
 3.16227766e+07  1.00000000e+00  0.00000000e+00  3.16227766e+07  9.62020936e-01 -1.91145638e-01 
 3.98107171e+07  1.00000000e+00  0.00000000e+00  3.98107171e+07  9.41115287e-01 -2.35408801e-01 
 5.01187234e+07  1.00000000e+00  0.00000000e+00  5.01187234e+07  9.09781266e-01 -2.86494876e-01 
 6.30957344e+07  1.00000000e+00  0.00000000e+00  6.30957344e+07  8.64179940e-01 -3.42597389e-01 
 7.94328235e+07  1.00000000e+00  0.00000000e+00  7.94328235e+07  8.00581558e-01 -3.99563170e-01 
 1.00000000e+08  1.00000000e+00  0.00000000e+00  1.00000000e+08  7.16956800e-01 -4.50477243e-01 
 1.25892541e+08  1.00000000e+00  0.00000000e+00  1.25892541e+08  6.15123140e-01 -4.86566196e-01 
 1.58489319e+08  1.00000000e+00  0.00000000e+00  1.58489319e+08  5.02095492e-01 -4.99995609e-01 
 1.99526231e+08  1.00000000e+00  0.00000000e+00  1.99526231e+08  3.88853270e-01 -4.87489902e-01 
 2.51188643e+08  1.00000000e+00  0.00000000e+00  2.51188643e+08  2.86457458e-01 -4.52105721e-01 
 3.16227766e+08  1.00000000e+00  0.00000000e+00  3.16227766e+08  2.02108323e-01 -4.01572595e-01 
 3.98107171e+08  1.00000000e+00  0.00000000e+00  3.98107171e+08  1.37799744e-01 -3.44689679e-01 
 5.01187234e+08  1.00000000e+00  0.00000000e+00  5.01187234e+08  9.16041990e-02 -2.88466410e-01 
 6.30957344e+08  1.00000000e+00  0.00000000e+00  6.30957344e+08  5.98206298e-02 -2.37154216e-01 
 7.94328235e+08  1.00000000e+00  0.00000000e+00  7.94328235e+08  3.85963324e-02 -1.92630879e-01 
 1.00000000e+09  1.00000000e+00  0.00000000e+00  1.00000000e+09  2.47045230e-02 -1.55223096e-01 
 1.25892541e+09  1.00000000e+00  0.00000000e+00  1.25892541e+09  1.57309194e-02 -1.24432542e-01 
 1.58489319e+09  1.00000000e+00  0.00000000e+00  1.58489319e+09  9.98349713e-03 -9.94174377e-02 
 1.99526231e+09  1.00000000e+00  0.00000000e+00  1.99526231e+09  6.32245489e-03 -7.92621060e-02 
 2.51188643e+09  1.00000000e+00  0.00000000e+00  2.51188643e+09  3.99852894e-03 -6.31073744e-02 
 3.16227766e+09  1.00000000e+00  0.00000000e+00  3.16227766e+09  2.52662956e-03 -5.02020488e-02 
 3.98107171e+09  1.00000000e+00  0.00000000e+00  3.98107171e+09  1.59568335e-03 -3.99141221e-02 
 5.01187234e+09  1.00000000e+00  0.00000000e+00  5.01187234e+09  1.00740136e-03 -3.17235954e-02 
 6.30957344e+09  1.00000000e+00  0.00000000e+00  6.30957344e+09  6.35863686e-04 -2.52083193e-02 
 7.94328235e+09  1.00000000e+00  0.00000000e+00  7.94328235e+09  4.01297032e-04 -2.00283797e-02 
 1.00000000e+10  1.00000000e+00  0.00000000e+00  1.00000000e+10  2.53238813e-04 -1.59114639e-02 
