 1.00000000e+00  1.20439872e+00 
 2.00000000e+00  1.21638709e+00 
 3.00000000e+00  1.35340210e+00 
 4.00000000e+00  9.99884870e-01 
 5.00000000e+00  1.15385635e+00 
 6.00000000e+00  1.03685302e+00 
 7.00000000e+00  1.89644532e+00 
 8.00000000e+00  1.02815932e+00 
 9.00000000e+00  1.37271920e+00 
 1.00000000e+01  1.70551466e+00 
 1.10000000e+01  1.27147208e+00 
 1.20000000e+01  1.32283606e+00 
 1.30000000e+01  1.44981269e+00 
 1.40000000e+01  1.20768935e+00 
 1.50000000e+01  1.29226137e+00 
 1.60000000e+01  1.37832171e+00 
 1.70000000e+01  1.25622002e+00 
 1.80000000e+01  1.61903964e+00 
 1.90000000e+01  1.35567246e+00 
 2.00000000e+01  2.52056648e+00 
 2.10000000e+01  1.07308873e+00 
 2.20000000e+01  1.33946914e+00 
 2.30000000e+01  1.03003623e+00 
 2.40000000e+01  1.21734560e+00 
 2.50000000e+01  1.17263939e+00 
 2.60000000e+01  1.51700472e+00 
 2.70000000e+01  1.21187776e+00 
 2.80000000e+01  1.14602766e+00 
 2.90000000e+01  1.38892073e+00 
 3.00000000e+01  1.33499857e+00 
 3.10000000e+01  1.60702720e+00 
 3.20000000e+01  1.28644035e+00 
 3.30000000e+01  1.07257619e+00 
 3.40000000e+01  1.10262230e+00 
 3.50000000e+01  1.08786753e+00 
 3.60000000e+01  1.80782233e+00 
 3.70000000e+01  1.08008938e+00 
 3.80000000e+01  1.23109288e+00 
 3.90000000e+01  1.43681404e+00 
 4.00000000e+01  1.14539743e+00 
 4.10000000e+01  1.20036176e+00 
 4.20000000e+01  1.27445110e+00 
 4.30000000e+01  1.44320297e+00 
 4.40000000e+01  1.18128523e+00 
 4.50000000e+01  1.32661471e+00 
 4.60000000e+01  1.26508187e+00 
 4.70000000e+01  9.89385626e-01 
 4.80000000e+01  1.00293514e+00 
 4.90000000e+01  1.35247273e+00 
 5.00000000e+01  1.16431036e+00 
 5.10000000e+01  1.26315020e+00 
 5.20000000e+01  1.53834463e+00 
 5.30000000e+01  1.14224665e+00 
 5.40000000e+01  1.36147254e+00 
 5.50000000e+01  1.30465564e+00 
 5.60000000e+01  1.37487302e+00 
 5.70000000e+01  2.15493339e+00 
 5.80000000e+01  1.22308521e+00 
 5.90000000e+01  1.38395242e+00 
 6.00000000e+01  1.20029109e+00 
 6.10000000e+01  1.18106552e+00 
 6.20000000e+01  1.08068624e+00 
 6.30000000e+01  1.21893165e+00 
 6.40000000e+01  1.01871020e+00 
 6.50000000e+01  1.56993363e+00 
 6.60000000e+01  1.41360502e+00 
 6.70000000e+01  1.54975463e+00 
 6.80000000e+01  1.32430340e+00 
 6.90000000e+01  1.36844959e+00 
 7.00000000e+01  1.22390589e+00 
 7.10000000e+01  1.25174755e+00 
 7.20000000e+01  1.39393289e+00 
 7.30000000e+01  9.99496121e-01 
 7.40000000e+01  1.09004801e+00 
 7.50000000e+01  1.76325164e+00 
 7.60000000e+01  1.09776963e+00 
 7.70000000e+01  1.12699806e+00 
 7.80000000e+01  1.56919804e+00 
 7.90000000e+01  1.11169194e+00 
 8.00000000e+01  1.14439437e+00 
 8.10000000e+01  1.05735455e+00 
 8.20000000e+01  1.44783961e+00 
 8.30000000e+01  1.74908059e+00 
 8.40000000e+01  1.34209528e+00 
 8.50000000e+01  1.45956707e+00 
 8.60000000e+01  1.21391033e+00 
 8.70000000e+01  1.21539122e+00 
 8.80000000e+01  1.17106051e+00 
 8.90000000e+01  1.08292042e+00 
 9.00000000e+01  1.07279649e+00 
 9.10000000e+01  1.29083315e+00 
 9.20000000e+01  1.13839321e+00 
 9.30000000e+01  1.14458405e+00 
 9.40000000e+01  1.29400975e+00 
 9.50000000e+01  1.23786899e+00 
 9.60000000e+01  1.21358677e+00 
 9.70000000e+01  1.18759448e+00 
 9.80000000e+01  1.09154502e+00 
 9.90000000e+01  1.17793410e+00 
 1.00000000e+02  1.11108033e+00 
 1.01000000e+02  1.61955828e+00 
 1.02000000e+02  1.17739133e+00 
 1.03000000e+02  1.33973063e+00 
 1.04000000e+02  1.05338514e+00 
 1.05000000e+02  1.39098808e+00 
 1.06000000e+02  1.41775309e+00 
 1.07000000e+02  1.38825266e+00 
 1.08000000e+02  1.18589825e+00 
 1.09000000e+02  1.22224708e+00 
 1.10000000e+02  1.16738776e+00 
 1.11000000e+02  1.65742392e+00 
 1.12000000e+02  1.03856680e+00 
 1.13000000e+02  1.34198997e+00 
 1.14000000e+02  1.24201872e+00 
 1.15000000e+02  1.40213976e+00 
 1.16000000e+02  1.83673828e+00 
 1.17000000e+02  1.34541170e+00 
 1.18000000e+02  1.46351889e+00 
 1.19000000e+02  1.03193102e+00 
 1.20000000e+02  1.42186818e+00 
 1.21000000e+02  1.16662700e+00 
 1.22000000e+02  1.19062827e+00 
 1.23000000e+02  1.58085518e+00 
 1.24000000e+02  1.10415125e+00 
 1.25000000e+02  1.47565943e+00 
 1.26000000e+02  1.32157850e+00 
 1.27000000e+02  1.08509034e+00 
 1.28000000e+02  1.42981326e+00 
 1.29000000e+02  1.76735066e+00 
 1.30000000e+02  1.84719423e+00 
 1.31000000e+02  1.28957080e+00 
 1.32000000e+02  1.06364226e+00 
 1.33000000e+02  1.21095258e+00 
 1.34000000e+02  1.07419932e+00 
 1.35000000e+02  1.47600007e+00 
 1.36000000e+02  1.82662363e+00 
 1.37000000e+02  1.14921912e+00 
 1.38000000e+02  1.10596144e+00 
 1.39000000e+02  1.48237157e+00 
 1.40000000e+02  1.31557796e+00 
 1.41000000e+02  9.68101000e-01 
 1.42000000e+02  1.25504824e+00 
 1.43000000e+02  1.30719994e+00 
 1.44000000e+02  1.16101951e+00 
 1.45000000e+02  1.75996355e+00 
 1.46000000e+02  1.41923115e+00 
 1.47000000e+02  9.90983663e-01 
 1.48000000e+02  1.49793125e+00 
 1.49000000e+02  1.21861238e+00 
 1.50000000e+02  1.80526659e+00 
 1.51000000e+02  1.11442285e+00 
 1.52000000e+02  1.32585145e+00 
 1.53000000e+02  1.10961618e+00 
 1.54000000e+02  1.14453211e+00 
 1.55000000e+02  1.72404410e+00 
 1.56000000e+02  1.25820375e+00 
 1.57000000e+02  1.03356127e+00 
 1.58000000e+02  1.80230397e+00 
 1.59000000e+02  1.34917093e+00 
 1.60000000e+02  1.16029397e+00 
 1.61000000e+02  1.54266178e+00 
 1.62000000e+02  1.51069740e+00 
 1.63000000e+02  1.28524948e+00 
 1.64000000e+02  1.29266919e+00 
 1.65000000e+02  9.73334898e-01 
 1.66000000e+02  1.33278995e+00 
 1.67000000e+02  1.22774429e+00 
 1.68000000e+02  3.82152056e+00 
 1.69000000e+02  1.53106397e+00 
 1.70000000e+02  1.25371068e+00 
 1.71000000e+02  1.22907870e+00 
 1.72000000e+02  1.03828831e+00 
 1.73000000e+02  1.24449339e+00 
 1.74000000e+02  1.04511410e+00 
 1.75000000e+02  1.41936911e+00 
 1.76000000e+02  1.08102964e+00 
 1.77000000e+02  1.53303028e+00 
 1.78000000e+02  1.01853266e+00 
 1.79000000e+02  1.95983068e+00 
 1.80000000e+02  1.04213684e+00 
 1.81000000e+02  1.11228697e+00 
 1.82000000e+02  1.33537661e+00 
 1.83000000e+02  1.32763730e+00 
 1.84000000e+02  1.80232850e+00 
 1.85000000e+02  1.38357309e+00 
 1.86000000e+02  1.16028644e+00 
 1.87000000e+02  1.07037173e+00 
 1.88000000e+02  1.04943984e+00 
 1.89000000e+02  1.46693909e+00 
 1.90000000e+02  1.33691162e+00 
 1.91000000e+02  1.36844328e+00 
 1.92000000e+02  1.04857067e+00 
 1.93000000e+02  1.15764177e+00 
 1.94000000e+02  1.05193708e+00 
 1.95000000e+02  1.55620370e+00 
 1.96000000e+02  1.13413644e+00 
 1.97000000e+02  1.30245059e+00 
 1.98000000e+02  1.52285255e+00 
 1.99000000e+02  1.79335369e+00 
 2.00000000e+02  1.19310980e+00 
