 1.00000000e+02  1.00000000e+00  0.00000000e+00  1.00000000e+02  9.99962433e-01 -5.97402492e-03 
 1.12201845e+02  1.00000000e+00  0.00000000e+00  1.12201845e+02  9.99952706e-01 -6.70289758e-03 
 1.25892541e+02  1.00000000e+00  0.00000000e+00  1.25892541e+02  9.99940461e-01 -7.52067784e-03 
 1.41253754e+02  1.00000000e+00  0.00000000e+00  1.41253754e+02  9.99925047e-01 -8.43820240e-03 
 1.58489319e+02  1.00000000e+00  0.00000000e+00  1.58489319e+02  9.99905641e-01 -9.46762541e-03 
 1.77827941e+02  1.00000000e+00  0.00000000e+00  1.77827941e+02  9.99881212e-01 -1.06225773e-02 
 1.99526231e+02  1.00000000e+00  0.00000000e+00  1.99526231e+02  9.99850460e-01 -1.19183419e-02 
 2.23872114e+02  1.00000000e+00  0.00000000e+00  2.23872114e+02  9.99811748e-01 -1.33720545e-02 
 2.51188643e+02  1.00000000e+00  0.00000000e+00  2.51188643e+02  9.99763017e-01 -1.50029222e-02 
 2.81838293e+02  1.00000000e+00  0.00000000e+00  2.81838293e+02  9.99701675e-01 -1.68324684e-02 
 3.16227766e+02  1.00000000e+00  0.00000000e+00  3.16227766e+02  9.99624462e-01 -1.88848047e-02 
 3.54813389e+02  1.00000000e+00  0.00000000e+00  3.54813389e+02  9.99527274e-01 -2.11869310e-02 
 3.98107171e+02  1.00000000e+00  0.00000000e+00  3.98107171e+02  9.99404950e-01 -2.37690652e-02 
 4.46683592e+02  1.00000000e+00  0.00000000e+00  4.46683592e+02  9.99250998e-01 -2.66650054e-02 
 5.01187234e+02  1.00000000e+00  0.00000000e+00  5.01187234e+02  9.99057254e-01 -2.99125219e-02 
 5.62341325e+02  1.00000000e+00  0.00000000e+00  5.62341325e+02  9.98813458e-01 -3.35537804e-02 
 6.30957344e+02  1.00000000e+00  0.00000000e+00  6.30957344e+02  9.98506715e-01 -3.76357901e-02 
 7.07945784e+02  1.00000000e+00  0.00000000e+00  7.07945784e+02  9.98120831e-01 -4.22108720e-02 
 7.94328235e+02  1.00000000e+00  0.00000000e+00  7.94328235e+02  9.97635477e-01 -4.73371336e-02 
 8.91250938e+02  1.00000000e+00  0.00000000e+00  8.91250938e+02  9.97025159e-01 -5.30789318e-02 
 1.00000000e+03  1.00000000e+00  0.00000000e+00  1.00000000e+03  9.96257931e-01 -5.95072945e-02 
 1.12201845e+03  1.00000000e+00  0.00000000e+00  1.12201845e+03  9.95293814e-01 -6.67002572e-02 
 1.25892541e+03  1.00000000e+00  0.00000000e+00  1.25892541e+03  9.94082852e-01 -7.47430519e-02 
 1.41253754e+03  1.00000000e+00  0.00000000e+00  1.41253754e+03  9.92562746e-01 -8.37280581e-02 
 1.58489319e+03  1.00000000e+00  0.00000000e+00  1.58489319e+03  9.90655992e-01 -9.37543902e-02 
 1.77827941e+03  1.00000000e+00  0.00000000e+00  1.77827941e+03  9.88266472e-01 -1.04926946e-01 
 1.99526231e+03  1.00000000e+00  0.00000000e+00  1.99526231e+03  9.85275451e-01 -1.17354685e-01 
 2.23872114e+03  1.00000000e+00  0.00000000e+00  2.23872114e+03  9.81536984e-01 -1.31147820e-01 
 2.51188643e+03  1.00000000e+00  0.00000000e+00  2.51188643e+03  9.76872814e-01 -1.46413532e-01 
 2.81838293e+03  1.00000000e+00  0.00000000e+00  2.81838293e+03  9.71066966e-01 -1.63249704e-01 
 3.16227766e+03  1.00000000e+00  0.00000000e+00  3.16227766e+03  9.63860445e-01 -1.81736111e-01 
 3.54813389e+03  1.00000000e+00  0.00000000e+00  3.54813389e+03  9.54946749e-01 -2.01922432e-01 
 3.98107171e+03  1.00000000e+00  0.00000000e+00  3.98107171e+03  9.43969310e-01 -2.23812532e-01 
 4.46683592e+03  1.00000000e+00  0.00000000e+00  4.46683592e+03  9.30522508e-01 -2.47344673e-01 
 5.01187234e+03  1.00000000e+00  0.00000000e+00  5.01187234e+03  9.14158470e-01 -2.72367873e-01 
 5.62341325e+03  1.00000000e+00  0.00000000e+00  5.62341325e+03  8.94402409e-01 -2.98615565e-01 
 6.30957344e+03  1.00000000e+00  0.00000000e+00  6.30957344e+03  8.70779437e-01 -3.25679229e-01 
 7.07945784e+03  1.00000000e+00  0.00000000e+00  7.07945784e+03  8.42855259e-01 -3.52986650e-01 
 7.94328235e+03  1.00000000e+00  0.00000000e+00  7.94328235e+03  8.10291409e-01 -3.79791665e-01 
 8.91250938e+03  1.00000000e+00  0.00000000e+00  8.91250938e+03  7.72912241e-01 -4.05183876e-01 
 1.00000000e+04  1.00000000e+00  0.00000000e+00  1.00000000e+04  7.30775930e-01 -4.28126702e-01 
 1.12201845e+04  1.00000000e+00  0.00000000e+00  1.12201845e+04  6.84236041e-01 -4.47528800e-01 
 1.25892541e+04  1.00000000e+00  0.00000000e+00  1.25892541e+04  6.33976244e-01 -4.62346638e-01 
 1.41253754e+04  1.00000000e+00  0.00000000e+00  1.41253754e+04  5.81001251e-01 -4.71705735e-01 
 1.58489319e+04  1.00000000e+00  0.00000000e+00  1.58489319e+04  5.26574378e-01 -4.75018134e-01 
 1.77827941e+04  1.00000000e+00  0.00000000e+00  1.77827941e+04  4.72105588e-01 -4.72069015e-01 
 1.99526231e+04  1.00000000e+00  0.00000000e+00  1.99526231e+04  4.19009167e-01 -4.63049811e-01 
 2.23872114e+04  1.00000000e+00  0.00000000e+00  2.23872114e+04  3.68560470e-01 -4.48528658e-01 
 2.51188643e+04  1.00000000e+00  0.00000000e+00  2.51188643e+04  3.21781541e-01 -4.29366381e-01 
 2.81838293e+04  1.00000000e+00  0.00000000e+00  2.81838293e+04  2.79375521e-01 -4.06600063e-01 
 3.16227766e+04  1.00000000e+00  0.00000000e+00  3.16227766e+04  2.41714630e-01 -3.81321338e-01 
 3.54813389e+04  1.00000000e+00  0.00000000e+00  3.54813389e+04  2.08872756e-01 -3.54572273e-01 
 3.98107171e+04  1.00000000e+00  0.00000000e+00  3.98107171e+04  1.80685965e-01 -3.27271981e-01 
 4.46683592e+04  1.00000000e+00  0.00000000e+00  4.46683592e+04  1.56823360e-01 -3.00176712e-01 
 5.01187234e+04  1.00000000e+00  0.00000000e+00  5.01187234e+04  1.36854584e-01 -2.73868699e-01 
 5.62341325e+04  1.00000000e+00  0.00000000e+00  5.62341325e+04  1.20305858e-01 -2.48765489e-01 
 6.30957344e+04  1.00000000e+00  0.00000000e+00  6.30957344e+04  1.06701526e-01 -2.25141224e-01 
 7.07945784e+04  1.00000000e+00  0.00000000e+00  7.07945784e+04  9.55916286e-02 -2.03152890e-01 
 7.94328235e+04  1.00000000e+00  0.00000000e+00  7.94328235e+04  8.65678219e-02 -1.82866746e-01 
 8.91250938e+04  1.00000000e+00  0.00000000e+00  8.91250938e+04  7.92706056e-02 -1.64282173e-01 
 1.00000000e+05  1.00000000e+00  0.00000000e+00  1.00000000e+05  7.33906017e-02 -1.47351693e-01 
 1.12201845e+05  1.00000000e+00  0.00000000e+00  1.12201845e+05  6.86661547e-02 -1.31996926e-01 
 1.25892541e+05  1.00000000e+00  0.00000000e+00  1.25892541e+05  6.48789207e-02 -1.18120772e-01 
 1.41253754e+05  1.00000000e+00  0.00000000e+00  1.41253754e+05  6.18485924e-02 -1.05616401e-01 
 1.58489319e+05  1.00000000e+00  0.00000000e+00  1.58489319e+05  5.94274846e-02 -9.43736418e-02 
 1.77827941e+05  1.00000000e+00  0.00000000e+00  1.77827941e+05  5.74954066e-02 -8.42833727e-02 
 1.99526231e+05  1.00000000e+00  0.00000000e+00  1.99526231e+05  5.59550365e-02 -7.52404025e-02 
 2.23872114e+05  1.00000000e+00  0.00000000e+00  2.23872114e+05  5.47278843e-02 -6.71452473e-02 
 2.51188643e+05  1.00000000e+00  0.00000000e+00  2.51188643e+05  5.37508468e-02 -5.99051189e-02 
 2.81838293e+05  1.00000000e+00  0.00000000e+00  2.81838293e+05  5.29733178e-02 -5.34343642e-02 
 3.16227766e+05  1.00000000e+00  0.00000000e+00  3.16227766e+05  5.23547933e-02 -4.76545311e-02 
 3.54813389e+05  1.00000000e+00  0.00000000e+00  3.54813389e+05  5.18629058e-02 -4.24941913e-02 
 3.98107171e+05  1.00000000e+00  0.00000000e+00  3.98107171e+05  5.14718215e-02 -3.78886096e-02 
 4.46683592e+05  1.00000000e+00  0.00000000e+00  4.46683592e+05  5.11609423e-02 -3.37793263e-02 
 5.01187234e+05  1.00000000e+00  0.00000000e+00  5.01187234e+05  5.09138569e-02 -3.01136961e-02 
 5.62341325e+05  1.00000000e+00  0.00000000e+00  5.62341325e+05  5.07174983e-02 -2.68444126e-02 
 6.30957344e+05  1.00000000e+00  0.00000000e+00  6.30957344e+05  5.05614672e-02 -2.39290405e-02 
 7.07945784e+05  1.00000000e+00  0.00000000e+00  7.07945784e+05  5.04374907e-02 -2.13295646e-02 
 7.94328235e+05  1.00000000e+00  0.00000000e+00  7.94328235e+05  5.03389896e-02 -1.90119664e-02 
 8.91250938e+05  1.00000000e+00  0.00000000e+00  8.91250938e+05  5.02607328e-02 -1.69458292e-02 
 1.00000000e+06  1.00000000e+00  0.00000000e+00  1.00000000e+06  5.01985621e-02 -1.51039748e-02 
