 0.00000000e+00  0.00000000e+00  0.00000000e+00  0.00000000e+00 
 1.00000000e-09  0.00000000e+00  1.00000000e-09  0.00000000e+00 
 2.00000000e-09  0.00000000e+00  2.00000000e-09  0.00000000e+00 
 4.00000000e-09  0.00000000e+00  4.00000000e-09  0.00000000e+00 
 8.00000000e-09  0.00000000e+00  8.00000000e-09  0.00000000e+00 
 1.60000000e-08  0.00000000e+00  1.60000000e-08  0.00000000e+00 
 3.20000000e-08  0.00000000e+00  3.20000000e-08  0.00000000e+00 
 6.40000000e-08  0.00000000e+00  6.40000000e-08  0.00000000e+00 
 1.28000000e-07  0.00000000e+00  1.28000000e-07  0.00000000e+00 
 2.28000000e-07  0.00000000e+00  2.28000000e-07  0.00000000e+00 
 3.28000000e-07  0.00000000e+00  3.28000000e-07  0.00000000e+00 
 4.28000000e-07  0.00000000e+00  4.28000000e-07  0.00000000e+00 
 5.28000000e-07  0.00000000e+00  5.28000000e-07  0.00000000e+00 
 6.28000000e-07  0.00000000e+00  6.28000000e-07  0.00000000e+00 
 7.28000000e-07  0.00000000e+00  7.28000000e-07  0.00000000e+00 
 8.28000000e-07  0.00000000e+00  8.28000000e-07  0.00000000e+00 
 9.14000000e-07  0.00000000e+00  9.14000000e-07  0.00000000e+00 
 1.00000000e-06  0.00000000e+00  1.00000000e-06  0.00000000e+00 
 1.00010000e-06  1.00000000e-01  1.00010000e-06  4.99678674e-03 
 1.00030000e-06  3.00000000e-01  1.00030000e-06  1.49922587e-02 
 1.00065000e-06  6.50000000e-01  1.00065000e-06  3.24934708e-02 
 1.00100000e-06  1.00000000e+00  1.00100000e-06  5.00063104e-02 
 1.00104615e-06  1.00000000e+00  1.00104615e-06  5.00106906e-02 
 1.00113844e-06  1.00000000e+00  1.00113844e-06  5.00194510e-02 
 1.00132302e-06  1.00000000e+00  1.00132302e-06  5.00369715e-02 
 1.00169219e-06  1.00000000e+00  1.00169219e-06  5.00720115e-02 
 1.00243054e-06  1.00000000e+00  1.00243054e-06  5.01420876e-02 
 1.00390722e-06  1.00000000e+00  1.00390722e-06  5.02822243e-02 
 1.00686058e-06  1.00000000e+00  1.00686058e-06  5.05624358e-02 
 1.01276731e-06  1.00000000e+00  1.01276731e-06  5.11226107e-02 
 1.02458077e-06  1.00000000e+00  1.02458077e-06  5.22419694e-02 
 1.04820769e-06  1.00000000e+00  1.04820769e-06  5.44767276e-02 
 1.09546153e-06  1.00000000e+00  1.09546153e-06  5.89304545e-02 
 1.18996921e-06  1.00000000e+00  1.18996921e-06  6.77751204e-02 
 1.28996921e-06  1.00000000e+00  1.28996921e-06  7.70433060e-02 
 1.38996921e-06  1.00000000e+00  1.38996921e-06  8.62193473e-02 
 1.48996921e-06  1.00000000e+00  1.48996921e-06  9.53041604e-02 
 1.58996921e-06  1.00000000e+00  1.58996921e-06  1.04298652e-01 
 1.68996921e-06  1.00000000e+00  1.68996921e-06  1.13203721e-01 
 1.78996921e-06  1.00000000e+00  1.78996921e-06  1.22020255e-01 
 1.88996921e-06  1.00000000e+00  1.88996921e-06  1.30749135e-01 
 1.98996921e-06  1.00000000e+00  1.98996921e-06  1.39391233e-01 
 2.08996921e-06  1.00000000e+00  2.08996921e-06  1.47947411e-01 
 2.18996921e-06  1.00000000e+00  2.18996921e-06  1.56418523e-01 
 2.28996921e-06  1.00000000e+00  2.28996921e-06  1.64805415e-01 
 2.38996921e-06  1.00000000e+00  2.38996921e-06  1.73108925e-01 
 2.48996921e-06  1.00000000e+00  2.48996921e-06  1.81329881e-01 
 2.58996921e-06  1.00000000e+00  2.58996921e-06  1.89469105e-01 
 2.68996921e-06  1.00000000e+00  2.68996921e-06  1.97527408e-01 
 2.78996921e-06  1.00000000e+00  2.78996921e-06  2.05505596e-01 
 2.88996921e-06  1.00000000e+00  2.88996921e-06  2.13404464e-01 
 2.98996921e-06  1.00000000e+00  2.98996921e-06  2.21224802e-01 
 3.08996921e-06  1.00000000e+00  3.08996921e-06  2.28967390e-01 
 3.18996921e-06  1.00000000e+00  3.18996921e-06  2.36633001e-01 
 3.28996921e-06  1.00000000e+00  3.28996921e-06  2.44222401e-01 
 3.38996921e-06  1.00000000e+00  3.38996921e-06  2.51736346e-01 
 3.48996921e-06  1.00000000e+00  3.48996921e-06  2.59175588e-01 
 3.58996921e-06  1.00000000e+00  3.58996921e-06  2.66540869e-01 
 3.68996921e-06  1.00000000e+00  3.68996921e-06  2.73832925e-01 
 3.78996921e-06  1.00000000e+00  3.78996921e-06  2.81052482e-01 
 3.88996921e-06  1.00000000e+00  3.88996921e-06  2.88200263e-01 
 3.98996921e-06  1.00000000e+00  3.98996921e-06  2.95276981e-01 
 4.08996921e-06  1.00000000e+00  4.08996921e-06  3.02283341e-01 
 4.18996921e-06  1.00000000e+00  4.18996921e-06  3.09220045e-01 
 4.28996921e-06  1.00000000e+00  4.28996921e-06  3.16087783e-01 
 4.38996921e-06  1.00000000e+00  4.38996921e-06  3.22887243e-01 
 4.48996921e-06  1.00000000e+00  4.48996921e-06  3.29619102e-01 
 4.58996921e-06  1.00000000e+00  4.58996921e-06  3.36284033e-01 
 4.68996921e-06  1.00000000e+00  4.68996921e-06  3.42882702e-01 
 4.78996921e-06  1.00000000e+00  4.78996921e-06  3.49415766e-01 
 4.88996921e-06  1.00000000e+00  4.88996921e-06  3.55883879e-01 
 4.98996921e-06  1.00000000e+00  4.98996921e-06  3.62287685e-01 
 5.08996921e-06  1.00000000e+00  5.08996921e-06  3.68627825e-01 
 5.18996921e-06  1.00000000e+00  5.18996921e-06  3.74904931e-01 
 5.28996921e-06  1.00000000e+00  5.28996921e-06  3.81119630e-01 
 5.38996921e-06  1.00000000e+00  5.38996921e-06  3.87272543e-01 
 5.48996921e-06  1.00000000e+00  5.48996921e-06  3.93364283e-01 
 5.58996921e-06  1.00000000e+00  5.58996921e-06  3.99395459e-01 
 5.68996921e-06  1.00000000e+00  5.68996921e-06  4.05366674e-01 
 5.78996921e-06  1.00000000e+00  5.78996921e-06  4.11278522e-01 
 5.88996921e-06  1.00000000e+00  5.88996921e-06  4.17131595e-01 
 5.98996921e-06  1.00000000e+00  5.98996921e-06  4.22926476e-01 
 6.08996921e-06  1.00000000e+00  6.08996921e-06  4.28663745e-01 
 6.18996921e-06  1.00000000e+00  6.18996921e-06  4.34343973e-01 
 6.28996921e-06  1.00000000e+00  6.28996921e-06  4.39967729e-01 
 6.38996921e-06  1.00000000e+00  6.38996921e-06  4.45535573e-01 
 6.48996921e-06  1.00000000e+00  6.48996921e-06  4.51048062e-01 
 6.58996921e-06  1.00000000e+00  6.58996921e-06  4.56505746e-01 
 6.68996921e-06  1.00000000e+00  6.68996921e-06  4.61909169e-01 
 6.78996921e-06  1.00000000e+00  6.78996921e-06  4.67258872e-01 
 6.88996921e-06  1.00000000e+00  6.88996921e-06  4.72555387e-01 
 6.98996921e-06  1.00000000e+00  6.98996921e-06  4.77799245e-01 
 7.08996921e-06  1.00000000e+00  7.08996921e-06  4.82990968e-01 
 7.18996921e-06  1.00000000e+00  7.18996921e-06  4.88131075e-01 
 7.28996921e-06  1.00000000e+00  7.28996921e-06  4.93220079e-01 
 7.38996921e-06  1.00000000e+00  7.38996921e-06  4.98258489e-01 
 7.48996921e-06  1.00000000e+00  7.48996921e-06  5.03246806e-01 
 7.58996921e-06  1.00000000e+00  7.58996921e-06  5.08185529e-01 
 7.68996921e-06  1.00000000e+00  7.68996921e-06  5.13075152e-01 
 7.78996921e-06  1.00000000e+00  7.78996921e-06  5.17916162e-01 
 7.88996921e-06  1.00000000e+00  7.88996921e-06  5.22709042e-01 
 7.98996921e-06  1.00000000e+00  7.98996921e-06  5.27454272e-01 
 8.08996921e-06  1.00000000e+00  8.08996921e-06  5.32152325e-01 
 8.18996921e-06  1.00000000e+00  8.18996921e-06  5.36803669e-01 
 8.28996921e-06  1.00000000e+00  8.28996921e-06  5.41408770e-01 
 8.38996921e-06  1.00000000e+00  8.38996921e-06  5.45968087e-01 
 8.48996921e-06  1.00000000e+00  8.48996921e-06  5.50482075e-01 
 8.58996921e-06  1.00000000e+00  8.58996921e-06  5.54951185e-01 
 8.68996921e-06  1.00000000e+00  8.68996921e-06  5.59375863e-01 
 8.78996921e-06  1.00000000e+00  8.78996921e-06  5.63756551e-01 
 8.88996921e-06  1.00000000e+00  8.88996921e-06  5.68093687e-01 
 8.98996921e-06  1.00000000e+00  8.98996921e-06  5.72387702e-01 
 9.08996921e-06  1.00000000e+00  9.08996921e-06  5.76639026e-01 
 9.18996921e-06  1.00000000e+00  9.18996921e-06  5.80848084e-01 
 9.28996921e-06  1.00000000e+00  9.28996921e-06  5.85015295e-01 
 9.38996921e-06  1.00000000e+00  9.38996921e-06  5.89141075e-01 
 9.48996921e-06  1.00000000e+00  9.48996921e-06  5.93225837e-01 
 9.58996921e-06  1.00000000e+00  9.58996921e-06  5.97269988e-01 
 9.68996921e-06  1.00000000e+00  9.68996921e-06  6.01273933e-01 
 9.78996921e-06  1.00000000e+00  9.78996921e-06  6.05238070e-01 
 9.88996921e-06  1.00000000e+00  9.88996921e-06  6.09162796e-01 
 9.98996921e-06  1.00000000e+00  9.98996921e-06  6.13048501e-01 
 1.00899692e-05  1.00000000e+00  1.00899692e-05  6.16895576e-01 
 1.01899692e-05  1.00000000e+00  1.01899692e-05  6.20704402e-01 
 1.02899692e-05  1.00000000e+00  1.02899692e-05  6.24475362e-01 
 1.03899692e-05  1.00000000e+00  1.03899692e-05  6.28208830e-01 
 1.04899692e-05  1.00000000e+00  1.04899692e-05  6.31905180e-01 
 1.05899692e-05  1.00000000e+00  1.05899692e-05  6.35564781e-01 
 1.06899692e-05  1.00000000e+00  1.06899692e-05  6.39187998e-01 
 1.07899692e-05  1.00000000e+00  1.07899692e-05  6.42775194e-01 
 1.08899692e-05  1.00000000e+00  1.08899692e-05  6.46326725e-01 
 1.09899692e-05  1.00000000e+00  1.09899692e-05  6.49842947e-01 
 1.10899692e-05  1.00000000e+00  1.10899692e-05  6.53324210e-01 
 1.11899692e-05  1.00000000e+00  1.11899692e-05  6.56770863e-01 
 1.12899692e-05  1.00000000e+00  1.12899692e-05  6.60183250e-01 
 1.13899692e-05  1.00000000e+00  1.13899692e-05  6.63561710e-01 
 1.14899692e-05  1.00000000e+00  1.14899692e-05  6.66906582e-01 
 1.15899692e-05  1.00000000e+00  1.15899692e-05  6.70218198e-01 
 1.16899692e-05  1.00000000e+00  1.16899692e-05  6.73496891e-01 
 1.17899692e-05  1.00000000e+00  1.17899692e-05  6.76742987e-01 
 1.18899692e-05  1.00000000e+00  1.18899692e-05  6.79956810e-01 
 1.19899692e-05  1.00000000e+00  1.19899692e-05  6.83138682e-01 
 1.20899692e-05  1.00000000e+00  1.20899692e-05  6.86288919e-01 
 1.21899692e-05  1.00000000e+00  1.21899692e-05  6.89407837e-01 
 1.22899692e-05  1.00000000e+00  1.22899692e-05  6.92495746e-01 
 1.23899692e-05  1.00000000e+00  1.23899692e-05  6.95552955e-01 
 1.24899692e-05  1.00000000e+00  1.24899692e-05  6.98579770e-01 
 1.25899692e-05  1.00000000e+00  1.25899692e-05  7.01576491e-01 
 1.26899692e-05  1.00000000e+00  1.26899692e-05  7.04543420e-01 
 1.27899692e-05  1.00000000e+00  1.27899692e-05  7.07480851e-01 
 1.28899692e-05  1.00000000e+00  1.28899692e-05  7.10389078e-01 
 1.29899692e-05  1.00000000e+00  1.29899692e-05  7.13268392e-01 
 1.30899692e-05  1.00000000e+00  1.30899692e-05  7.16119079e-01 
 1.31899692e-05  1.00000000e+00  1.31899692e-05  7.18941425e-01 
 1.32899692e-05  1.00000000e+00  1.32899692e-05  7.21735711e-01 
 1.33899692e-05  1.00000000e+00  1.33899692e-05  7.24502217e-01 
 1.34899692e-05  1.00000000e+00  1.34899692e-05  7.27241217e-01 
 1.35899692e-05  1.00000000e+00  1.35899692e-05  7.29952987e-01 
 1.36899692e-05  1.00000000e+00  1.36899692e-05  7.32637796e-01 
 1.37899692e-05  1.00000000e+00  1.37899692e-05  7.35295913e-01 
 1.38899692e-05  1.00000000e+00  1.38899692e-05  7.37927603e-01 
 1.39899692e-05  1.00000000e+00  1.39899692e-05  7.40533128e-01 
 1.40899692e-05  1.00000000e+00  1.40899692e-05  7.43112749e-01 
 1.41899692e-05  1.00000000e+00  1.41899692e-05  7.45666724e-01 
 1.42899692e-05  1.00000000e+00  1.42899692e-05  7.48195307e-01 
 1.43899692e-05  1.00000000e+00  1.43899692e-05  7.50698751e-01 
 1.44899692e-05  1.00000000e+00  1.44899692e-05  7.53177305e-01 
 1.45899692e-05  1.00000000e+00  1.45899692e-05  7.55631218e-01 
 1.46899692e-05  1.00000000e+00  1.46899692e-05  7.58060734e-01 
 1.47899692e-05  1.00000000e+00  1.47899692e-05  7.60466096e-01 
 1.48899692e-05  1.00000000e+00  1.48899692e-05  7.62847544e-01 
 1.49899692e-05  1.00000000e+00  1.49899692e-05  7.65205315e-01 
 1.50899692e-05  1.00000000e+00  1.50899692e-05  7.67539645e-01 
 1.51899692e-05  1.00000000e+00  1.51899692e-05  7.69850767e-01 
 1.52899692e-05  1.00000000e+00  1.52899692e-05  7.72138912e-01 
 1.53899692e-05  1.00000000e+00  1.53899692e-05  7.74404309e-01 
 1.54899692e-05  1.00000000e+00  1.54899692e-05  7.76647183e-01 
 1.55899692e-05  1.00000000e+00  1.55899692e-05  7.78867758e-01 
 1.56899692e-05  1.00000000e+00  1.56899692e-05  7.81066256e-01 
 1.57899692e-05  1.00000000e+00  1.57899692e-05  7.83242897e-01 
 1.58899692e-05  1.00000000e+00  1.58899692e-05  7.85397897e-01 
 1.59899692e-05  1.00000000e+00  1.59899692e-05  7.87531473e-01 
 1.60899692e-05  1.00000000e+00  1.60899692e-05  7.89643836e-01 
 1.61899692e-05  1.00000000e+00  1.61899692e-05  7.91735198e-01 
 1.62899692e-05  1.00000000e+00  1.62899692e-05  7.93805768e-01 
 1.63899692e-05  1.00000000e+00  1.63899692e-05  7.95855753e-01 
 1.64899692e-05  1.00000000e+00  1.64899692e-05  7.97885356e-01 
 1.65899692e-05  1.00000000e+00  1.65899692e-05  7.99894781e-01 
 1.66899692e-05  1.00000000e+00  1.66899692e-05  8.01884228e-01 
 1.67899692e-05  1.00000000e+00  1.67899692e-05  8.03853897e-01 
 1.68899692e-05  1.00000000e+00  1.68899692e-05  8.05803983e-01 
 1.69899692e-05  1.00000000e+00  1.69899692e-05  8.07734681e-01 
 1.70899692e-05  1.00000000e+00  1.70899692e-05  8.09646184e-01 
 1.71899692e-05  1.00000000e+00  1.71899692e-05  8.11538682e-01 
 1.72899692e-05  1.00000000e+00  1.72899692e-05  8.13412366e-01 
 1.73899692e-05  1.00000000e+00  1.73899692e-05  8.15267422e-01 
 1.74899692e-05  1.00000000e+00  1.74899692e-05  8.17104034e-01 
 1.75899692e-05  1.00000000e+00  1.75899692e-05  8.18922387e-01 
 1.76899692e-05  1.00000000e+00  1.76899692e-05  8.20722662e-01 
 1.77899692e-05  1.00000000e+00  1.77899692e-05  8.22505038e-01 
 1.78899692e-05  1.00000000e+00  1.78899692e-05  8.24269694e-01 
 1.79899692e-05  1.00000000e+00  1.79899692e-05  8.26016806e-01 
 1.80899692e-05  1.00000000e+00  1.80899692e-05  8.27746548e-01 
 1.81899692e-05  1.00000000e+00  1.81899692e-05  8.29459093e-01 
 1.82899692e-05  1.00000000e+00  1.82899692e-05  8.31154612e-01 
 1.83899692e-05  1.00000000e+00  1.83899692e-05  8.32833274e-01 
 1.84899692e-05  1.00000000e+00  1.84899692e-05  8.34495246e-01 
 1.85899692e-05  1.00000000e+00  1.85899692e-05  8.36140696e-01 
 1.86899692e-05  1.00000000e+00  1.86899692e-05  8.37769786e-01 
 1.87899692e-05  1.00000000e+00  1.87899692e-05  8.39382680e-01 
 1.88899692e-05  1.00000000e+00  1.88899692e-05  8.40979538e-01 
 1.89899692e-05  1.00000000e+00  1.89899692e-05  8.42560520e-01 
 1.90899692e-05  1.00000000e+00  1.90899692e-05  8.44125785e-01 
 1.91899692e-05  1.00000000e+00  1.91899692e-05  8.45675487e-01 
 1.92899692e-05  1.00000000e+00  1.92899692e-05  8.47209782e-01 
 1.93899692e-05  1.00000000e+00  1.93899692e-05  8.48728824e-01 
 1.94899692e-05  1.00000000e+00  1.94899692e-05  8.50232763e-01 
 1.95899692e-05  1.00000000e+00  1.95899692e-05  8.51721750e-01 
 1.96899692e-05  1.00000000e+00  1.96899692e-05  8.53195933e-01 
 1.97899692e-05  1.00000000e+00  1.97899692e-05  8.54655460e-01 
 1.98899692e-05  1.00000000e+00  1.98899692e-05  8.56100476e-01 
 1.99899692e-05  1.00000000e+00  1.99899692e-05  8.57531126e-01 
 2.00899692e-05  1.00000000e+00  2.00899692e-05  8.58947553e-01 
 2.01899692e-05  1.00000000e+00  2.01899692e-05  8.60349897e-01 
 2.02899692e-05  1.00000000e+00  2.02899692e-05  8.61738299e-01 
 2.03899692e-05  1.00000000e+00  2.03899692e-05  8.63112898e-01 
 2.04899692e-05  1.00000000e+00  2.04899692e-05  8.64473830e-01 
 2.05899692e-05  1.00000000e+00  2.05899692e-05  8.65821232e-01 
 2.06899692e-05  1.00000000e+00  2.06899692e-05  8.67155239e-01 
 2.07899692e-05  1.00000000e+00  2.07899692e-05  8.68475982e-01 
 2.08899692e-05  1.00000000e+00  2.08899692e-05  8.69783595e-01 
 2.09899692e-05  1.00000000e+00  2.09899692e-05  8.71078207e-01 
 2.10899692e-05  1.00000000e+00  2.10899692e-05  8.72359948e-01 
 2.11899692e-05  1.00000000e+00  2.11899692e-05  8.73628946e-01 
 2.12899692e-05  1.00000000e+00  2.12899692e-05  8.74885328e-01 
 2.13899692e-05  1.00000000e+00  2.13899692e-05  8.76129219e-01 
 2.14899692e-05  1.00000000e+00  2.14899692e-05  8.77360743e-01 
 2.15899692e-05  1.00000000e+00  2.15899692e-05  8.78580023e-01 
 2.16899692e-05  1.00000000e+00  2.16899692e-05  8.79787182e-01 
 2.17899692e-05  1.00000000e+00  2.17899692e-05  8.80982338e-01 
 2.18899692e-05  1.00000000e+00  2.18899692e-05  8.82165613e-01 
 2.19899692e-05  1.00000000e+00  2.19899692e-05  8.83337123e-01 
 2.20899692e-05  1.00000000e+00  2.20899692e-05  8.84496986e-01 
 2.21899692e-05  1.00000000e+00  2.21899692e-05  8.85645318e-01 
 2.22899692e-05  1.00000000e+00  2.22899692e-05  8.86782233e-01 
 2.23899692e-05  1.00000000e+00  2.23899692e-05  8.87907844e-01 
 2.24899692e-05  1.00000000e+00  2.24899692e-05  8.89022265e-01 
 2.25899692e-05  1.00000000e+00  2.25899692e-05  8.90125607e-01 
 2.26899692e-05  1.00000000e+00  2.26899692e-05  8.91217978e-01 
 2.27899692e-05  1.00000000e+00  2.27899692e-05  8.92299490e-01 
 2.28899692e-05  1.00000000e+00  2.28899692e-05  8.93370249e-01 
 2.29899692e-05  1.00000000e+00  2.29899692e-05  8.94430363e-01 
 2.30899692e-05  1.00000000e+00  2.30899692e-05  8.95479937e-01 
 2.31899692e-05  1.00000000e+00  2.31899692e-05  8.96519076e-01 
 2.32899692e-05  1.00000000e+00  2.32899692e-05  8.97547884e-01 
 2.33899692e-05  1.00000000e+00  2.33899692e-05  8.98566464e-01 
 2.34899692e-05  1.00000000e+00  2.34899692e-05  8.99574916e-01 
 2.35899692e-05  1.00000000e+00  2.35899692e-05  9.00573343e-01 
 2.36899692e-05  1.00000000e+00  2.36899692e-05  9.01561844e-01 
 2.37899692e-05  1.00000000e+00  2.37899692e-05  9.02540516e-01 
 2.38899692e-05  1.00000000e+00  2.38899692e-05  9.03509459e-01 
 2.39899692e-05  1.00000000e+00  2.39899692e-05  9.04468769e-01 
 2.40899692e-05  1.00000000e+00  2.40899692e-05  9.05418541e-01 
 2.41899692e-05  1.00000000e+00  2.41899692e-05  9.06358870e-01 
 2.42899692e-05  1.00000000e+00  2.42899692e-05  9.07289851e-01 
 2.43899692e-05  1.00000000e+00  2.43899692e-05  9.08211576e-01 
 2.44899692e-05  1.00000000e+00  2.44899692e-05  9.09124137e-01 
 2.45899692e-05  1.00000000e+00  2.45899692e-05  9.10027626e-01 
 2.46899692e-05  1.00000000e+00  2.46899692e-05  9.10922131e-01 
 2.47899692e-05  1.00000000e+00  2.47899692e-05  9.11807744e-01 
 2.48899692e-05  1.00000000e+00  2.48899692e-05  9.12684552e-01 
 2.49899692e-05  1.00000000e+00  2.49899692e-05  9.13552643e-01 
 2.50899692e-05  1.00000000e+00  2.50899692e-05  9.14412103e-01 
 2.51899692e-05  1.00000000e+00  2.51899692e-05  9.15263018e-01 
 2.52899692e-05  1.00000000e+00  2.52899692e-05  9.16105474e-01 
 2.53899692e-05  1.00000000e+00  2.53899692e-05  9.16939554e-01 
 2.54899692e-05  1.00000000e+00  2.54899692e-05  9.17765341e-01 
 2.55899692e-05  1.00000000e+00  2.55899692e-05  9.18582919e-01 
 2.56899692e-05  1.00000000e+00  2.56899692e-05  9.19392368e-01 
 2.57899692e-05  1.00000000e+00  2.57899692e-05  9.20193770e-01 
 2.58899692e-05  1.00000000e+00  2.58899692e-05  9.20987204e-01 
 2.59899692e-05  1.00000000e+00  2.59899692e-05  9.21772749e-01 
 2.60899692e-05  1.00000000e+00  2.60899692e-05  9.22550485e-01 
 2.61899692e-05  1.00000000e+00  2.61899692e-05  9.23320489e-01 
 2.62899692e-05  1.00000000e+00  2.62899692e-05  9.24082837e-01 
 2.63899692e-05  1.00000000e+00  2.63899692e-05  9.24837606e-01 
 2.64899692e-05  1.00000000e+00  2.64899692e-05  9.25584871e-01 
 2.65899692e-05  1.00000000e+00  2.65899692e-05  9.26324707e-01 
 2.66899692e-05  1.00000000e+00  2.66899692e-05  9.27057187e-01 
 2.67899692e-05  1.00000000e+00  2.67899692e-05  9.27782385e-01 
 2.68899692e-05  1.00000000e+00  2.68899692e-05  9.28500373e-01 
 2.69899692e-05  1.00000000e+00  2.69899692e-05  9.29211223e-01 
 2.70899692e-05  1.00000000e+00  2.70899692e-05  9.29915005e-01 
 2.71899692e-05  1.00000000e+00  2.71899692e-05  9.30611790e-01 
 2.72899692e-05  1.00000000e+00  2.72899692e-05  9.31301648e-01 
 2.73899692e-05  1.00000000e+00  2.73899692e-05  9.31984648e-01 
 2.74899692e-05  1.00000000e+00  2.74899692e-05  9.32660857e-01 
 2.75899692e-05  1.00000000e+00  2.75899692e-05  9.33330343e-01 
 2.76899692e-05  1.00000000e+00  2.76899692e-05  9.33993173e-01 
 2.77899692e-05  1.00000000e+00  2.77899692e-05  9.34649414e-01 
 2.78899692e-05  1.00000000e+00  2.78899692e-05  9.35299130e-01 
 2.79899692e-05  1.00000000e+00  2.79899692e-05  9.35942386e-01 
 2.80899692e-05  1.00000000e+00  2.80899692e-05  9.36579247e-01 
 2.81899692e-05  1.00000000e+00  2.81899692e-05  9.37209777e-01 
 2.82899692e-05  1.00000000e+00  2.82899692e-05  9.37834038e-01 
 2.83899692e-05  1.00000000e+00  2.83899692e-05  9.38452092e-01 
 2.84899692e-05  1.00000000e+00  2.84899692e-05  9.39064002e-01 
 2.85899692e-05  1.00000000e+00  2.85899692e-05  9.39669828e-01 
 2.86899692e-05  1.00000000e+00  2.86899692e-05  9.40269631e-01 
 2.87899692e-05  1.00000000e+00  2.87899692e-05  9.40863470e-01 
 2.88899692e-05  1.00000000e+00  2.88899692e-05  9.41451406e-01 
 2.89899692e-05  1.00000000e+00  2.89899692e-05  9.42033497e-01 
 2.90899692e-05  1.00000000e+00  2.90899692e-05  9.42609800e-01 
 2.91899692e-05  1.00000000e+00  2.91899692e-05  9.43180374e-01 
 2.92899692e-05  1.00000000e+00  2.92899692e-05  9.43745275e-01 
 2.93899692e-05  1.00000000e+00  2.93899692e-05  9.44304560e-01 
 2.94899692e-05  1.00000000e+00  2.94899692e-05  9.44858284e-01 
 2.95899692e-05  1.00000000e+00  2.95899692e-05  9.45406503e-01 
 2.96899692e-05  1.00000000e+00  2.96899692e-05  9.45949272e-01 
 2.97899692e-05  1.00000000e+00  2.97899692e-05  9.46486645e-01 
 2.98899692e-05  1.00000000e+00  2.98899692e-05  9.47018675e-01 
 2.99899692e-05  1.00000000e+00  2.99899692e-05  9.47545416e-01 
 3.00899692e-05  1.00000000e+00  3.00899692e-05  9.48066919e-01 
 3.01899692e-05  1.00000000e+00  3.01899692e-05  9.48583239e-01 
 3.02899692e-05  1.00000000e+00  3.02899692e-05  9.49094424e-01 
 3.03899692e-05  1.00000000e+00  3.03899692e-05  9.49600528e-01 
 3.04899692e-05  1.00000000e+00  3.04899692e-05  9.50101600e-01 
 3.05899692e-05  1.00000000e+00  3.05899692e-05  9.50597690e-01 
 3.06899692e-05  1.00000000e+00  3.06899692e-05  9.51088848e-01 
 3.07899692e-05  1.00000000e+00  3.07899692e-05  9.51575123e-01 
 3.08899692e-05  1.00000000e+00  3.08899692e-05  9.52056563e-01 
 3.09899692e-05  1.00000000e+00  3.09899692e-05  9.52533217e-01 
 3.10899692e-05  1.00000000e+00  3.10899692e-05  9.53005132e-01 
 3.11899692e-05  1.00000000e+00  3.11899692e-05  9.53472356e-01 
 3.12899692e-05  1.00000000e+00  3.12899692e-05  9.53934934e-01 
 3.13899692e-05  1.00000000e+00  3.13899692e-05  9.54392913e-01 
 3.14899692e-05  1.00000000e+00  3.14899692e-05  9.54846339e-01 
 3.15899692e-05  1.00000000e+00  3.15899692e-05  9.55295257e-01 
 3.16899692e-05  1.00000000e+00  3.16899692e-05  9.55739712e-01 
 3.17899692e-05  1.00000000e+00  3.17899692e-05  9.56179748e-01 
 3.18899692e-05  1.00000000e+00  3.18899692e-05  9.56615409e-01 
 3.19899692e-05  1.00000000e+00  3.19899692e-05  9.57046739e-01 
 3.20899692e-05  1.00000000e+00  3.20899692e-05  9.57473781e-01 
 3.21899692e-05  1.00000000e+00  3.21899692e-05  9.57896576e-01 
 3.22899692e-05  1.00000000e+00  3.22899692e-05  9.58315169e-01 
 3.23899692e-05  1.00000000e+00  3.23899692e-05  9.58729600e-01 
 3.24899692e-05  1.00000000e+00  3.24899692e-05  9.59139910e-01 
 3.25899692e-05  1.00000000e+00  3.25899692e-05  9.59546142e-01 
 3.26899692e-05  1.00000000e+00  3.26899692e-05  9.59948334e-01 
 3.27899692e-05  1.00000000e+00  3.27899692e-05  9.60346528e-01 
 3.28899692e-05  1.00000000e+00  3.28899692e-05  9.60740763e-01 
 3.29899692e-05  1.00000000e+00  3.29899692e-05  9.61131079e-01 
 3.30899692e-05  1.00000000e+00  3.30899692e-05  9.61517514e-01 
 3.31899692e-05  1.00000000e+00  3.31899692e-05  9.61900107e-01 
 3.32899692e-05  1.00000000e+00  3.32899692e-05  9.62278896e-01 
 3.33899692e-05  1.00000000e+00  3.33899692e-05  9.62653920e-01 
 3.34899692e-05  1.00000000e+00  3.34899692e-05  9.63025215e-01 
 3.35899692e-05  1.00000000e+00  3.35899692e-05  9.63392818e-01 
 3.36899692e-05  1.00000000e+00  3.36899692e-05  9.63756767e-01 
 3.37899692e-05  1.00000000e+00  3.37899692e-05  9.64117098e-01 
 3.38899692e-05  1.00000000e+00  3.38899692e-05  9.64473846e-01 
 3.39899692e-05  1.00000000e+00  3.39899692e-05  9.64827047e-01 
 3.40899692e-05  1.00000000e+00  3.40899692e-05  9.65176737e-01 
 3.41899692e-05  1.00000000e+00  3.41899692e-05  9.65522950e-01 
 3.42899692e-05  1.00000000e+00  3.42899692e-05  9.65865721e-01 
 3.43899692e-05  1.00000000e+00  3.43899692e-05  9.66205084e-01 
 3.44899692e-05  1.00000000e+00  3.44899692e-05  9.66541073e-01 
 3.45899692e-05  1.00000000e+00  3.45899692e-05  9.66873722e-01 
 3.46899692e-05  1.00000000e+00  3.46899692e-05  9.67203064e-01 
 3.47899692e-05  1.00000000e+00  3.47899692e-05  9.67529131e-01 
 3.48899692e-05  1.00000000e+00  3.48899692e-05  9.67851957e-01 
 3.49899692e-05  1.00000000e+00  3.49899692e-05  9.68171573e-01 
 3.50899692e-05  1.00000000e+00  3.50899692e-05  9.68488011e-01 
 3.51899692e-05  1.00000000e+00  3.51899692e-05  9.68801304e-01 
 3.52899692e-05  1.00000000e+00  3.52899692e-05  9.69111481e-01 
 3.53899692e-05  1.00000000e+00  3.53899692e-05  9.69418575e-01 
 3.54899692e-05  1.00000000e+00  3.54899692e-05  9.69722616e-01 
 3.55899692e-05  1.00000000e+00  3.55899692e-05  9.70023634e-01 
 3.56899692e-05  1.00000000e+00  3.56899692e-05  9.70321659e-01 
 3.57899692e-05  1.00000000e+00  3.57899692e-05  9.70616721e-01 
 3.58899692e-05  1.00000000e+00  3.58899692e-05  9.70908850e-01 
 3.59899692e-05  1.00000000e+00  3.59899692e-05  9.71198074e-01 
 3.60899692e-05  1.00000000e+00  3.60899692e-05  9.71484423e-01 
 3.61899692e-05  1.00000000e+00  3.61899692e-05  9.71767925e-01 
 3.62899692e-05  1.00000000e+00  3.62899692e-05  9.72048609e-01 
 3.63899692e-05  1.00000000e+00  3.63899692e-05  9.72326502e-01 
 3.64899692e-05  1.00000000e+00  3.64899692e-05  9.72601632e-01 
 3.65899692e-05  1.00000000e+00  3.65899692e-05  9.72874027e-01 
 3.66899692e-05  1.00000000e+00  3.66899692e-05  9.73143713e-01 
 3.67899692e-05  1.00000000e+00  3.67899692e-05  9.73410719e-01 
 3.68899692e-05  1.00000000e+00  3.68899692e-05  9.73675069e-01 
 3.69899692e-05  1.00000000e+00  3.69899692e-05  9.73936792e-01 
 3.70899692e-05  1.00000000e+00  3.70899692e-05  9.74195913e-01 
 3.71899692e-05  1.00000000e+00  3.71899692e-05  9.74452457e-01 
 3.72899692e-05  1.00000000e+00  3.72899692e-05  9.74706451e-01 
 3.73899692e-05  1.00000000e+00  3.73899692e-05  9.74957919e-01 
 3.74899692e-05  1.00000000e+00  3.74899692e-05  9.75206888e-01 
 3.75899692e-05  1.00000000e+00  3.75899692e-05  9.75453381e-01 
 3.76899692e-05  1.00000000e+00  3.76899692e-05  9.75697424e-01 
 3.77899692e-05  1.00000000e+00  3.77899692e-05  9.75939040e-01 
 3.78899692e-05  1.00000000e+00  3.78899692e-05  9.76178254e-01 
 3.79899692e-05  1.00000000e+00  3.79899692e-05  9.76415090e-01 
 3.80899692e-05  1.00000000e+00  3.80899692e-05  9.76649572e-01 
 3.81899692e-05  1.00000000e+00  3.81899692e-05  9.76881722e-01 
 3.82899692e-05  1.00000000e+00  3.82899692e-05  9.77111564e-01 
 3.83899692e-05  1.00000000e+00  3.83899692e-05  9.77339121e-01 
 3.84899692e-05  1.00000000e+00  3.84899692e-05  9.77564415e-01 
 3.85899692e-05  1.00000000e+00  3.85899692e-05  9.77787470e-01 
 3.86899692e-05  1.00000000e+00  3.86899692e-05  9.78008307e-01 
 3.87899692e-05  1.00000000e+00  3.87899692e-05  9.78226949e-01 
 3.88899692e-05  1.00000000e+00  3.88899692e-05  9.78443417e-01 
 3.89899692e-05  1.00000000e+00  3.89899692e-05  9.78657732e-01 
 3.90899692e-05  1.00000000e+00  3.90899692e-05  9.78869917e-01 
 3.91899692e-05  1.00000000e+00  3.91899692e-05  9.79079993e-01 
 3.92899692e-05  1.00000000e+00  3.92899692e-05  9.79287980e-01 
 3.93899692e-05  1.00000000e+00  3.93899692e-05  9.79493899e-01 
 3.94899692e-05  1.00000000e+00  3.94899692e-05  9.79697770e-01 
 3.95899692e-05  1.00000000e+00  3.95899692e-05  9.79899615e-01 
 3.96899692e-05  1.00000000e+00  3.96899692e-05  9.80099453e-01 
 3.97899692e-05  1.00000000e+00  3.97899692e-05  9.80297305e-01 
 3.98899692e-05  1.00000000e+00  3.98899692e-05  9.80493189e-01 
 3.99899692e-05  1.00000000e+00  3.99899692e-05  9.80687126e-01 
 4.00899692e-05  1.00000000e+00  4.00899692e-05  9.80879135e-01 
 4.01899692e-05  1.00000000e+00  4.01899692e-05  9.81069234e-01 
 4.02899692e-05  1.00000000e+00  4.02899692e-05  9.81257444e-01 
 4.03899692e-05  1.00000000e+00  4.03899692e-05  9.81443783e-01 
 4.04899692e-05  1.00000000e+00  4.04899692e-05  9.81628269e-01 
 4.05899692e-05  1.00000000e+00  4.05899692e-05  9.81810921e-01 
 4.06899692e-05  1.00000000e+00  4.06899692e-05  9.81991757e-01 
 4.07899692e-05  1.00000000e+00  4.07899692e-05  9.82170795e-01 
 4.08899692e-05  1.00000000e+00  4.08899692e-05  9.82348053e-01 
 4.09899692e-05  1.00000000e+00  4.09899692e-05  9.82523549e-01 
 4.10899692e-05  1.00000000e+00  4.10899692e-05  9.82697300e-01 
 4.11899692e-05  1.00000000e+00  4.11899692e-05  9.82869323e-01 
 4.12899692e-05  1.00000000e+00  4.12899692e-05  9.83039636e-01 
 4.13899692e-05  1.00000000e+00  4.13899692e-05  9.83208256e-01 
 4.14899692e-05  1.00000000e+00  4.14899692e-05  9.83375200e-01 
 4.15899692e-05  1.00000000e+00  4.15899692e-05  9.83540484e-01 
 4.16899692e-05  1.00000000e+00  4.16899692e-05  9.83704125e-01 
 4.17899692e-05  1.00000000e+00  4.17899692e-05  9.83866138e-01 
 4.18899692e-05  1.00000000e+00  4.18899692e-05  9.84026541e-01 
 4.19899692e-05  1.00000000e+00  4.19899692e-05  9.84185349e-01 
 4.20899692e-05  1.00000000e+00  4.20899692e-05  9.84342579e-01 
 4.21899692e-05  1.00000000e+00  4.21899692e-05  9.84498245e-01 
 4.22899692e-05  1.00000000e+00  4.22899692e-05  9.84652364e-01 
 4.23899692e-05  1.00000000e+00  4.23899692e-05  9.84804950e-01 
 4.24899692e-05  1.00000000e+00  4.24899692e-05  9.84956019e-01 
 4.25899692e-05  1.00000000e+00  4.25899692e-05  9.85105586e-01 
 4.26899692e-05  1.00000000e+00  4.26899692e-05  9.85253667e-01 
 4.27899692e-05  1.00000000e+00  4.27899692e-05  9.85400275e-01 
 4.28899692e-05  1.00000000e+00  4.28899692e-05  9.85545426e-01 
 4.29899692e-05  1.00000000e+00  4.29899692e-05  9.85689133e-01 
 4.30899692e-05  1.00000000e+00  4.30899692e-05  9.85831412e-01 
 4.31899692e-05  1.00000000e+00  4.31899692e-05  9.85972276e-01 
 4.32899692e-05  1.00000000e+00  4.32899692e-05  9.86111740e-01 
 4.33899692e-05  1.00000000e+00  4.33899692e-05  9.86249817e-01 
 4.34899692e-05  1.00000000e+00  4.34899692e-05  9.86386521e-01 
 4.35899692e-05  1.00000000e+00  4.35899692e-05  9.86521867e-01 
 4.36899692e-05  1.00000000e+00  4.36899692e-05  9.86655866e-01 
 4.37899692e-05  1.00000000e+00  4.37899692e-05  9.86788534e-01 
 4.38899692e-05  1.00000000e+00  4.38899692e-05  9.86919882e-01 
 4.39899692e-05  1.00000000e+00  4.39899692e-05  9.87049925e-01 
 4.40899692e-05  1.00000000e+00  4.40899692e-05  9.87178674e-01 
 4.41899692e-05  1.00000000e+00  4.41899692e-05  9.87306144e-01 
 4.42899692e-05  1.00000000e+00  4.42899692e-05  9.87432347e-01 
 4.43899692e-05  1.00000000e+00  4.43899692e-05  9.87557294e-01 
 4.44899692e-05  1.00000000e+00  4.44899692e-05  9.87681000e-01 
 4.45899692e-05  1.00000000e+00  4.45899692e-05  9.87803475e-01 
 4.46899692e-05  1.00000000e+00  4.46899692e-05  9.87924733e-01 
 4.47899692e-05  1.00000000e+00  4.47899692e-05  9.88044786e-01 
 4.48899692e-05  1.00000000e+00  4.48899692e-05  9.88163644e-01 
 4.49899692e-05  1.00000000e+00  4.49899692e-05  9.88281322e-01 
 4.50899692e-05  1.00000000e+00  4.50899692e-05  9.88397829e-01 
 4.51899692e-05  1.00000000e+00  4.51899692e-05  9.88513178e-01 
 4.52899692e-05  1.00000000e+00  4.52899692e-05  9.88627380e-01 
 4.53899692e-05  1.00000000e+00  4.53899692e-05  9.88740446e-01 
 4.54899692e-05  1.00000000e+00  4.54899692e-05  9.88852389e-01 
 4.55899692e-05  1.00000000e+00  4.55899692e-05  9.88963218e-01 
 4.56899692e-05  1.00000000e+00  4.56899692e-05  9.89072946e-01 
 4.57899692e-05  1.00000000e+00  4.57899692e-05  9.89181583e-01 
 4.58899692e-05  1.00000000e+00  4.58899692e-05  9.89289140e-01 
 4.59899692e-05  1.00000000e+00  4.59899692e-05  9.89395627e-01 
 4.60899692e-05  1.00000000e+00  4.60899692e-05  9.89501056e-01 
 4.61899692e-05  1.00000000e+00  4.61899692e-05  9.89605437e-01 
 4.62899692e-05  1.00000000e+00  4.62899692e-05  9.89708779e-01 
 4.63899692e-05  1.00000000e+00  4.63899692e-05  9.89811095e-01 
 4.64899692e-05  1.00000000e+00  4.64899692e-05  9.89912393e-01 
 4.65899692e-05  1.00000000e+00  4.65899692e-05  9.90012684e-01 
 4.66899692e-05  1.00000000e+00  4.66899692e-05  9.90111978e-01 
 4.67899692e-05  1.00000000e+00  4.67899692e-05  9.90210285e-01 
 4.68899692e-05  1.00000000e+00  4.68899692e-05  9.90307614e-01 
 4.69899692e-05  1.00000000e+00  4.69899692e-05  9.90403976e-01 
 4.70899692e-05  1.00000000e+00  4.70899692e-05  9.90499380e-01 
 4.71899692e-05  1.00000000e+00  4.71899692e-05  9.90593835e-01 
 4.72899692e-05  1.00000000e+00  4.72899692e-05  9.90687351e-01 
 4.73899692e-05  1.00000000e+00  4.73899692e-05  9.90779937e-01 
 4.74899692e-05  1.00000000e+00  4.74899692e-05  9.90871603e-01 
 4.75899692e-05  1.00000000e+00  4.75899692e-05  9.90962358e-01 
 4.76899692e-05  1.00000000e+00  4.76899692e-05  9.91052210e-01 
 4.77899692e-05  1.00000000e+00  4.77899692e-05  9.91141169e-01 
 4.78899692e-05  1.00000000e+00  4.78899692e-05  9.91229244e-01 
 4.79899692e-05  1.00000000e+00  4.79899692e-05  9.91316443e-01 
 4.80899692e-05  1.00000000e+00  4.80899692e-05  9.91402775e-01 
 4.81899692e-05  1.00000000e+00  4.81899692e-05  9.91488248e-01 
 4.82899692e-05  1.00000000e+00  4.82899692e-05  9.91572872e-01 
 4.83899692e-05  1.00000000e+00  4.83899692e-05  9.91656655e-01 
 4.84899692e-05  1.00000000e+00  4.84899692e-05  9.91739604e-01 
 4.85899692e-05  1.00000000e+00  4.85899692e-05  9.91821729e-01 
 4.86899692e-05  1.00000000e+00  4.86899692e-05  9.91903038e-01 
 4.87899692e-05  1.00000000e+00  4.87899692e-05  9.91983538e-01 
 4.88899692e-05  1.00000000e+00  4.88899692e-05  9.92063237e-01 
 4.89899692e-05  1.00000000e+00  4.89899692e-05  9.92142145e-01 
 4.90899692e-05  1.00000000e+00  4.90899692e-05  9.92220268e-01 
 4.91899692e-05  1.00000000e+00  4.91899692e-05  9.92297614e-01 
 4.92899692e-05  1.00000000e+00  4.92899692e-05  9.92374191e-01 
 4.93899692e-05  1.00000000e+00  4.93899692e-05  9.92450007e-01 
 4.94899692e-05  1.00000000e+00  4.94899692e-05  9.92525069e-01 
 4.95899692e-05  1.00000000e+00  4.95899692e-05  9.92599385e-01 
 4.96899692e-05  1.00000000e+00  4.96899692e-05  9.92672962e-01 
 4.97899692e-05  1.00000000e+00  4.97899692e-05  9.92745807e-01 
 4.98899692e-05  1.00000000e+00  4.98899692e-05  9.92817928e-01 
 4.99899692e-05  1.00000000e+00  4.99899692e-05  9.92889333e-01 
 5.00899692e-05  1.00000000e+00  5.00899692e-05  9.92960027e-01 
 5.01899692e-05  1.00000000e+00  5.01899692e-05  9.93030018e-01 
 5.02899692e-05  1.00000000e+00  5.02899692e-05  9.93099314e-01 
 5.03899692e-05  1.00000000e+00  5.03899692e-05  9.93167921e-01 
 5.04899692e-05  1.00000000e+00  5.04899692e-05  9.93235845e-01 
 5.05899692e-05  1.00000000e+00  5.05899692e-05  9.93303094e-01 
 5.06899692e-05  1.00000000e+00  5.06899692e-05  9.93369675e-01 
 5.07899692e-05  1.00000000e+00  5.07899692e-05  9.93435594e-01 
 5.08899692e-05  1.00000000e+00  5.08899692e-05  9.93500857e-01 
 5.09899692e-05  1.00000000e+00  5.09899692e-05  9.93565472e-01 
 5.10899692e-05  1.00000000e+00  5.10899692e-05  9.93629444e-01 
 5.11899692e-05  1.00000000e+00  5.11899692e-05  9.93692780e-01 
 5.12899692e-05  1.00000000e+00  5.12899692e-05  9.93755486e-01 
 5.13899692e-05  1.00000000e+00  5.13899692e-05  9.93817569e-01 
 5.14899692e-05  1.00000000e+00  5.14899692e-05  9.93879035e-01 
 5.15899692e-05  1.00000000e+00  5.15899692e-05  9.93939890e-01 
 5.16899692e-05  1.00000000e+00  5.16899692e-05  9.94000139e-01 
 5.17899692e-05  1.00000000e+00  5.17899692e-05  9.94059790e-01 
 5.18899692e-05  1.00000000e+00  5.18899692e-05  9.94118848e-01 
 5.19899692e-05  1.00000000e+00  5.19899692e-05  9.94177318e-01 
 5.20899692e-05  1.00000000e+00  5.20899692e-05  9.94235207e-01 
 5.21899692e-05  1.00000000e+00  5.21899692e-05  9.94292521e-01 
 5.22899692e-05  1.00000000e+00  5.22899692e-05  9.94349265e-01 
 5.23899692e-05  1.00000000e+00  5.23899692e-05  9.94405444e-01 
 5.24899692e-05  1.00000000e+00  5.24899692e-05  9.94461065e-01 
 5.25899692e-05  1.00000000e+00  5.25899692e-05  9.94516134e-01 
 5.26899692e-05  1.00000000e+00  5.26899692e-05  9.94570654e-01 
 5.27899692e-05  1.00000000e+00  5.27899692e-05  9.94624633e-01 
 5.28899692e-05  1.00000000e+00  5.28899692e-05  9.94678075e-01 
 5.29899692e-05  1.00000000e+00  5.29899692e-05  9.94730985e-01 
 5.30899692e-05  1.00000000e+00  5.30899692e-05  9.94783370e-01 
 5.31899692e-05  1.00000000e+00  5.31899692e-05  9.94835234e-01 
 5.32899692e-05  1.00000000e+00  5.32899692e-05  9.94886582e-01 
 5.33899692e-05  1.00000000e+00  5.33899692e-05  9.94937419e-01 
 5.34899692e-05  1.00000000e+00  5.34899692e-05  9.94987752e-01 
 5.35899692e-05  1.00000000e+00  5.35899692e-05  9.95037584e-01 
 5.36899692e-05  1.00000000e+00  5.36899692e-05  9.95086920e-01 
 5.37899692e-05  1.00000000e+00  5.37899692e-05  9.95135766e-01 
 5.38899692e-05  1.00000000e+00  5.38899692e-05  9.95184126e-01 
 5.39899692e-05  1.00000000e+00  5.39899692e-05  9.95232005e-01 
 5.40899692e-05  1.00000000e+00  5.40899692e-05  9.95279409e-01 
 5.41899692e-05  1.00000000e+00  5.41899692e-05  9.95326341e-01 
 5.42899692e-05  1.00000000e+00  5.42899692e-05  9.95372807e-01 
 5.43899692e-05  1.00000000e+00  5.43899692e-05  9.95418810e-01 
 5.44899692e-05  1.00000000e+00  5.44899692e-05  9.95464356e-01 
 5.45899692e-05  1.00000000e+00  5.45899692e-05  9.95509450e-01 
 5.46899692e-05  1.00000000e+00  5.46899692e-05  9.95554095e-01 
 5.47899692e-05  1.00000000e+00  5.47899692e-05  9.95598296e-01 
 5.48899692e-05  1.00000000e+00  5.48899692e-05  9.95642058e-01 
 5.49899692e-05  1.00000000e+00  5.49899692e-05  9.95685385e-01 
 5.50899692e-05  1.00000000e+00  5.50899692e-05  9.95728280e-01 
 5.51899692e-05  1.00000000e+00  5.51899692e-05  9.95770750e-01 
 5.52899692e-05  1.00000000e+00  5.52899692e-05  9.95812797e-01 
 5.53899692e-05  1.00000000e+00  5.53899692e-05  9.95854426e-01 
 5.54899692e-05  1.00000000e+00  5.54899692e-05  9.95895642e-01 
 5.55899692e-05  1.00000000e+00  5.55899692e-05  9.95936447e-01 
 5.56899692e-05  1.00000000e+00  5.56899692e-05  9.95976847e-01 
 5.57899692e-05  1.00000000e+00  5.57899692e-05  9.96016845e-01 
 5.58899692e-05  1.00000000e+00  5.58899692e-05  9.96056446e-01 
 5.59899692e-05  1.00000000e+00  5.59899692e-05  9.96095653e-01 
 5.60899692e-05  1.00000000e+00  5.60899692e-05  9.96134470e-01 
 5.61899692e-05  1.00000000e+00  5.61899692e-05  9.96172901e-01 
 5.62899692e-05  1.00000000e+00  5.62899692e-05  9.96210950e-01 
 5.63899692e-05  1.00000000e+00  5.63899692e-05  9.96248621e-01 
 5.64899692e-05  1.00000000e+00  5.64899692e-05  9.96285917e-01 
 5.65899692e-05  1.00000000e+00  5.65899692e-05  9.96322842e-01 
 5.66899692e-05  1.00000000e+00  5.66899692e-05  9.96359401e-01 
 5.67899692e-05  1.00000000e+00  5.67899692e-05  9.96395596e-01 
 5.68899692e-05  1.00000000e+00  5.68899692e-05  9.96431431e-01 
 5.69899692e-05  1.00000000e+00  5.69899692e-05  9.96466909e-01 
 5.70899692e-05  1.00000000e+00  5.70899692e-05  9.96502035e-01 
 5.71899692e-05  1.00000000e+00  5.71899692e-05  9.96536812e-01 
 5.72899692e-05  1.00000000e+00  5.72899692e-05  9.96571243e-01 
 5.73899692e-05  1.00000000e+00  5.73899692e-05  9.96605332e-01 
 5.74899692e-05  1.00000000e+00  5.74899692e-05  9.96639082e-01 
 5.75899692e-05  1.00000000e+00  5.75899692e-05  9.96672496e-01 
 5.76899692e-05  1.00000000e+00  5.76899692e-05  9.96705578e-01 
 5.77899692e-05  1.00000000e+00  5.77899692e-05  9.96738331e-01 
 5.78899692e-05  1.00000000e+00  5.78899692e-05  9.96770759e-01 
 5.79899692e-05  1.00000000e+00  5.79899692e-05  9.96802864e-01 
 5.80899692e-05  1.00000000e+00  5.80899692e-05  9.96834650e-01 
 5.81899692e-05  1.00000000e+00  5.81899692e-05  9.96866120e-01 
 5.82899692e-05  1.00000000e+00  5.82899692e-05  9.96897277e-01 
 5.83899692e-05  1.00000000e+00  5.83899692e-05  9.96928124e-01 
 5.84899692e-05  1.00000000e+00  5.84899692e-05  9.96958665e-01 
 5.85899692e-05  1.00000000e+00  5.85899692e-05  9.96988902e-01 
 5.86899692e-05  1.00000000e+00  5.86899692e-05  9.97018838e-01 
 5.87899692e-05  1.00000000e+00  5.87899692e-05  9.97048477e-01 
 5.88899692e-05  1.00000000e+00  5.88899692e-05  9.97077821e-01 
 5.89899692e-05  1.00000000e+00  5.89899692e-05  9.97106873e-01 
 5.90899692e-05  1.00000000e+00  5.90899692e-05  9.97135637e-01 
 5.91899692e-05  1.00000000e+00  5.91899692e-05  9.97164114e-01 
 5.92899692e-05  1.00000000e+00  5.92899692e-05  9.97192309e-01 
 5.93899692e-05  1.00000000e+00  5.93899692e-05  9.97220223e-01 
 5.94899692e-05  1.00000000e+00  5.94899692e-05  9.97247859e-01 
 5.95899692e-05  1.00000000e+00  5.95899692e-05  9.97275221e-01 
 5.96899692e-05  1.00000000e+00  5.96899692e-05  9.97302311e-01 
 5.97899692e-05  1.00000000e+00  5.97899692e-05  9.97329131e-01 
 5.98899692e-05  1.00000000e+00  5.98899692e-05  9.97355685e-01 
 5.99449846e-05  1.00000000e+00  5.99449846e-05  9.97370181e-01 
 6.00000000e-05  1.00000000e+00  6.00000000e-05  9.97384597e-01 
