 0.00000000e+00  0.00000000e+00  0.00000000e+00  0.00000000e+00 
 5.00000000e-02  5.00000000e-02  5.00000000e-02  2.50000000e-02 
 1.00000000e-01  1.00000000e-01  1.00000000e-01  5.00000000e-02 
 1.50000000e-01  1.50000000e-01  1.50000000e-01  7.50000000e-02 
 2.00000000e-01  2.00000000e-01  2.00000000e-01  1.00000000e-01 
 2.50000000e-01  2.50000000e-01  2.50000000e-01  1.25000000e-01 
 3.00000000e-01  3.00000000e-01  3.00000000e-01  1.50000000e-01 
 3.50000000e-01  3.50000000e-01  3.50000000e-01  1.75000000e-01 
 4.00000000e-01  4.00000000e-01  4.00000000e-01  2.00000000e-01 
 4.50000000e-01  4.50000000e-01  4.50000000e-01  2.25000000e-01 
 5.00000000e-01  5.00000000e-01  5.00000000e-01  2.50000000e-01 
 5.50000000e-01  5.50000000e-01  5.50000000e-01  2.75000000e-01 
 6.00000000e-01  6.00000000e-01  6.00000000e-01  3.00000000e-01 
 6.50000000e-01  6.50000000e-01  6.50000000e-01  3.25000000e-01 
 7.00000000e-01  7.00000000e-01  7.00000000e-01  3.50000000e-01 
 7.50000000e-01  7.50000000e-01  7.50000000e-01  3.75000000e-01 
 8.00000000e-01  8.00000000e-01  8.00000000e-01  4.00000000e-01 
 8.50000000e-01  8.50000000e-01  8.50000000e-01  4.25000000e-01 
 9.00000000e-01  9.00000000e-01  9.00000000e-01  4.50000000e-01 
 9.50000000e-01  9.50000000e-01  9.50000000e-01  4.75000000e-01 
 1.00000000e+00  1.00000000e+00  1.00000000e+00  5.00000000e-01 
 1.05000000e+00  1.05000000e+00  1.05000000e+00  5.25000000e-01 
 1.10000000e+00  1.10000000e+00  1.10000000e+00  5.50000000e-01 
 1.15000000e+00  1.15000000e+00  1.15000000e+00  5.75000000e-01 
 1.20000000e+00  1.20000000e+00  1.20000000e+00  6.00000000e-01 
 1.25000000e+00  1.25000000e+00  1.25000000e+00  6.25000000e-01 
 1.30000000e+00  1.30000000e+00  1.30000000e+00  6.50000000e-01 
 1.35000000e+00  1.35000000e+00  1.35000000e+00  6.75000000e-01 
 1.40000000e+00  1.40000000e+00  1.40000000e+00  7.00000000e-01 
 1.45000000e+00  1.45000000e+00  1.45000000e+00  7.25000000e-01 
 1.50000000e+00  1.50000000e+00  1.50000000e+00  7.50000000e-01 
 1.55000000e+00  1.55000000e+00  1.55000000e+00  7.75000000e-01 
 1.60000000e+00  1.60000000e+00  1.60000000e+00  8.00000000e-01 
 1.65000000e+00  1.65000000e+00  1.65000000e+00  8.25000000e-01 
 1.70000000e+00  1.70000000e+00  1.70000000e+00  8.50000000e-01 
 1.75000000e+00  1.75000000e+00  1.75000000e+00  8.75000000e-01 
 1.80000000e+00  1.80000000e+00  1.80000000e+00  9.00000000e-01 
 1.85000000e+00  1.85000000e+00  1.85000000e+00  9.25000000e-01 
 1.90000000e+00  1.90000000e+00  1.90000000e+00  9.50000000e-01 
 1.95000000e+00  1.95000000e+00  1.95000000e+00  9.75000000e-01 
 2.00000000e+00  2.00000000e+00  2.00000000e+00  1.00000000e+00 
