-1.00000000e+00 -1.00000000e+00 -1.00000000e+00  1.06400000e+03 
-9.80000000e-01 -9.80000000e-01 -9.80000000e-01  1.06602000e+03 
-9.60000000e-01 -9.60000000e-01 -9.60000000e-01  1.06804000e+03 
-9.40000000e-01 -9.40000000e-01 -9.40000000e-01  1.07006000e+03 
-9.20000000e-01 -9.20000000e-01 -9.20000000e-01  1.07208000e+03 
-9.00000000e-01 -9.00000000e-01 -9.00000000e-01  1.07410000e+03 
-8.80000000e-01 -8.80000000e-01 -8.80000000e-01  1.07612000e+03 
-8.60000000e-01 -8.60000000e-01 -8.60000000e-01  1.07814000e+03 
-8.40000000e-01 -8.40000000e-01 -8.40000000e-01  1.08016000e+03 
-8.20000000e-01 -8.20000000e-01 -8.20000000e-01  1.08218000e+03 
-8.00000000e-01 -8.00000000e-01 -8.00000000e-01  1.08420000e+03 
-7.80000000e-01 -7.80000000e-01 -7.80000000e-01  1.08622000e+03 
-7.60000000e-01 -7.60000000e-01 -7.60000000e-01  1.08824000e+03 
-7.40000000e-01 -7.40000000e-01 -7.40000000e-01  1.09026000e+03 
-7.20000000e-01 -7.20000000e-01 -7.20000000e-01  1.09228000e+03 
-7.00000000e-01 -7.00000000e-01 -7.00000000e-01  1.09430000e+03 
-6.80000000e-01 -6.80000000e-01 -6.80000000e-01  1.09632000e+03 
-6.60000000e-01 -6.60000000e-01 -6.60000000e-01  1.09834000e+03 
-6.40000000e-01 -6.40000000e-01 -6.40000000e-01  1.10036000e+03 
-6.20000000e-01 -6.20000000e-01 -6.20000000e-01  1.10238000e+03 
-6.00000000e-01 -6.00000000e-01 -6.00000000e-01  1.10440000e+03 
-5.80000000e-01 -5.80000000e-01 -5.80000000e-01  1.10642000e+03 
-5.60000000e-01 -5.60000000e-01 -5.60000000e-01  1.10844000e+03 
-5.40000000e-01 -5.40000000e-01 -5.40000000e-01  1.11046000e+03 
-5.20000000e-01 -5.20000000e-01 -5.20000000e-01  1.11248000e+03 
-5.00000000e-01 -5.00000000e-01 -5.00000000e-01  1.11450000e+03 
-4.80000000e-01 -4.80000000e-01 -4.80000000e-01  1.11652000e+03 
-4.60000000e-01 -4.60000000e-01 -4.60000000e-01  1.11854000e+03 
-4.40000000e-01 -4.40000000e-01 -4.40000000e-01  1.12056000e+03 
-4.20000000e-01 -4.20000000e-01 -4.20000000e-01  1.12258000e+03 
-4.00000000e-01 -4.00000000e-01 -4.00000000e-01  1.12460000e+03 
-3.80000000e-01 -3.80000000e-01 -3.80000000e-01  1.12662000e+03 
-3.60000000e-01 -3.60000000e-01 -3.60000000e-01  1.12864000e+03 
-3.40000000e-01 -3.40000000e-01 -3.40000000e-01  1.13066000e+03 
-3.20000000e-01 -3.20000000e-01 -3.20000000e-01  1.13268000e+03 
-3.00000000e-01 -3.00000000e-01 -3.00000000e-01  1.13470000e+03 
-2.80000000e-01 -2.80000000e-01 -2.80000000e-01  1.13672000e+03 
-2.60000000e-01 -2.60000000e-01 -2.60000000e-01  1.13874000e+03 
-2.40000000e-01 -2.40000000e-01 -2.40000000e-01  1.14076000e+03 
-2.20000000e-01 -2.20000000e-01 -2.20000000e-01  1.14278000e+03 
-2.00000000e-01 -2.00000000e-01 -2.00000000e-01  1.14480000e+03 
-1.80000000e-01 -1.80000000e-01 -1.80000000e-01  1.14682000e+03 
-1.60000000e-01 -1.60000000e-01 -1.60000000e-01  1.14884000e+03 
-1.40000000e-01 -1.40000000e-01 -1.40000000e-01  1.15086000e+03 
-1.20000000e-01 -1.20000000e-01 -1.20000000e-01  1.15288000e+03 
-1.00000000e-01 -1.00000000e-01 -1.00000000e-01  1.15490000e+03 
-8.00000000e-02 -8.00000000e-02 -8.00000000e-02  1.15692000e+03 
-6.00000000e-02 -6.00000000e-02 -6.00000000e-02  1.15894000e+03 
-4.00000000e-02 -4.00000000e-02 -4.00000000e-02  1.16096000e+03 
-2.00000000e-02 -2.00000000e-02 -2.00000000e-02  1.16298000e+03 
 6.17561557e-16  6.17561557e-16  6.17561557e-16  1.16500000e+03 
 2.00000000e-02  2.00000000e-02  2.00000000e-02  1.16702000e+03 
 4.00000000e-02  4.00000000e-02  4.00000000e-02  1.16904000e+03 
 6.00000000e-02  6.00000000e-02  6.00000000e-02  1.17106000e+03 
 8.00000000e-02  8.00000000e-02  8.00000000e-02  1.17308000e+03 
 1.00000000e-01  1.00000000e-01  1.00000000e-01  1.17510000e+03 
 1.20000000e-01  1.20000000e-01  1.20000000e-01  1.17712000e+03 
 1.40000000e-01  1.40000000e-01  1.40000000e-01  1.17914000e+03 
 1.60000000e-01  1.60000000e-01  1.60000000e-01  1.18116000e+03 
 1.80000000e-01  1.80000000e-01  1.80000000e-01  1.18318000e+03 
 2.00000000e-01  2.00000000e-01  2.00000000e-01  1.18520000e+03 
 2.20000000e-01  2.20000000e-01  2.20000000e-01  1.18722000e+03 
 2.40000000e-01  2.40000000e-01  2.40000000e-01  1.18924000e+03 
 2.60000000e-01  2.60000000e-01  2.60000000e-01  1.19126000e+03 
 2.80000000e-01  2.80000000e-01  2.80000000e-01  1.19328000e+03 
 3.00000000e-01  3.00000000e-01  3.00000000e-01  1.19530000e+03 
 3.20000000e-01  3.20000000e-01  3.20000000e-01  1.19732000e+03 
 3.40000000e-01  3.40000000e-01  3.40000000e-01  1.19934000e+03 
 3.60000000e-01  3.60000000e-01  3.60000000e-01  1.20136000e+03 
 3.80000000e-01  3.80000000e-01  3.80000000e-01  1.20338000e+03 
 4.00000000e-01  4.00000000e-01  4.00000000e-01  1.20540000e+03 
 4.20000000e-01  4.20000000e-01  4.20000000e-01  1.20742000e+03 
 4.40000000e-01  4.40000000e-01  4.40000000e-01  1.20944000e+03 
 4.60000000e-01  4.60000000e-01  4.60000000e-01  1.21146000e+03 
 4.80000000e-01  4.80000000e-01  4.80000000e-01  1.21348000e+03 
 5.00000000e-01  5.00000000e-01  5.00000000e-01  1.21550000e+03 
 5.20000000e-01  5.20000000e-01  5.20000000e-01  1.21752000e+03 
 5.40000000e-01  5.40000000e-01  5.40000000e-01  1.21954000e+03 
 5.60000000e-01  5.60000000e-01  5.60000000e-01  1.22156000e+03 
 5.80000000e-01  5.80000000e-01  5.80000000e-01  1.22358000e+03 
 6.00000000e-01  6.00000000e-01  6.00000000e-01  1.22560000e+03 
 6.20000000e-01  6.20000000e-01  6.20000000e-01  1.22762000e+03 
 6.40000000e-01  6.40000000e-01  6.40000000e-01  1.22964000e+03 
 6.60000000e-01  6.60000000e-01  6.60000000e-01  1.23166000e+03 
 6.80000000e-01  6.80000000e-01  6.80000000e-01  1.23368000e+03 
 7.00000000e-01  7.00000000e-01  7.00000000e-01  1.23570000e+03 
 7.20000000e-01  7.20000000e-01  7.20000000e-01  1.23772000e+03 
 7.40000000e-01  7.40000000e-01  7.40000000e-01  1.23974000e+03 
 7.60000000e-01  7.60000000e-01  7.60000000e-01  1.24176000e+03 
 7.80000000e-01  7.80000000e-01  7.80000000e-01  1.24378000e+03 
 8.00000000e-01  8.00000000e-01  8.00000000e-01  1.24580000e+03 
 8.20000000e-01  8.20000000e-01  8.20000000e-01  1.24782000e+03 
 8.40000000e-01  8.40000000e-01  8.40000000e-01  1.24984000e+03 
 8.60000000e-01  8.60000000e-01  8.60000000e-01  1.25186000e+03 
 8.80000000e-01  8.80000000e-01  8.80000000e-01  1.25388000e+03 
 9.00000000e-01  9.00000000e-01  9.00000000e-01  1.25590000e+03 
 9.20000000e-01  9.20000000e-01  9.20000000e-01  1.25792000e+03 
 9.40000000e-01  9.40000000e-01  9.40000000e-01  1.25994000e+03 
 9.60000000e-01  9.60000000e-01  9.60000000e-01  1.26196000e+03 
 9.80000000e-01  9.80000000e-01  9.80000000e-01  1.26398000e+03 
 1.00000000e+00  1.00000000e+00  1.00000000e+00  1.26600000e+03 
