-1.00000000e+00 -1.00000000e+00 -1.00000000e+00  1.07000000e+03 
-9.80000000e-01 -9.80000000e-01 -9.80000000e-01  1.07200000e+03 
-9.60000000e-01 -9.60000000e-01 -9.60000000e-01  1.07400000e+03 
-9.40000000e-01 -9.40000000e-01 -9.40000000e-01  1.07600000e+03 
-9.20000000e-01 -9.20000000e-01 -9.20000000e-01  1.07800000e+03 
-9.00000000e-01 -9.00000000e-01 -9.00000000e-01  1.08000000e+03 
-8.80000000e-01 -8.80000000e-01 -8.80000000e-01  1.08200000e+03 
-8.60000000e-01 -8.60000000e-01 -8.60000000e-01  1.08400000e+03 
-8.40000000e-01 -8.40000000e-01 -8.40000000e-01  1.08600000e+03 
-8.20000000e-01 -8.20000000e-01 -8.20000000e-01  1.08800000e+03 
-8.00000000e-01 -8.00000000e-01 -8.00000000e-01  1.09000000e+03 
-7.80000000e-01 -7.80000000e-01 -7.80000000e-01  1.09200000e+03 
-7.60000000e-01 -7.60000000e-01 -7.60000000e-01  1.09400000e+03 
-7.40000000e-01 -7.40000000e-01 -7.40000000e-01  1.09600000e+03 
-7.20000000e-01 -7.20000000e-01 -7.20000000e-01  1.09800000e+03 
-7.00000000e-01 -7.00000000e-01 -7.00000000e-01  1.10000000e+03 
-6.80000000e-01 -6.80000000e-01 -6.80000000e-01  1.10200000e+03 
-6.60000000e-01 -6.60000000e-01 -6.60000000e-01  1.10400000e+03 
-6.40000000e-01 -6.40000000e-01 -6.40000000e-01  1.10600000e+03 
-6.20000000e-01 -6.20000000e-01 -6.20000000e-01  1.10800000e+03 
-6.00000000e-01 -6.00000000e-01 -6.00000000e-01  1.11000000e+03 
-5.80000000e-01 -5.80000000e-01 -5.80000000e-01  1.11200000e+03 
-5.60000000e-01 -5.60000000e-01 -5.60000000e-01  1.11400000e+03 
-5.40000000e-01 -5.40000000e-01 -5.40000000e-01  1.11600000e+03 
-5.20000000e-01 -5.20000000e-01 -5.20000000e-01  1.11800000e+03 
-5.00000000e-01 -5.00000000e-01 -5.00000000e-01  1.12000000e+03 
-4.80000000e-01 -4.80000000e-01 -4.80000000e-01  1.12200000e+03 
-4.60000000e-01 -4.60000000e-01 -4.60000000e-01  1.12400000e+03 
-4.40000000e-01 -4.40000000e-01 -4.40000000e-01  1.12600000e+03 
-4.20000000e-01 -4.20000000e-01 -4.20000000e-01  1.12800000e+03 
-4.00000000e-01 -4.00000000e-01 -4.00000000e-01  1.13000000e+03 
-3.80000000e-01 -3.80000000e-01 -3.80000000e-01  1.13200000e+03 
-3.60000000e-01 -3.60000000e-01 -3.60000000e-01  1.13400000e+03 
-3.40000000e-01 -3.40000000e-01 -3.40000000e-01  1.13600000e+03 
-3.20000000e-01 -3.20000000e-01 -3.20000000e-01  1.13800000e+03 
-3.00000000e-01 -3.00000000e-01 -3.00000000e-01  1.14000000e+03 
-2.80000000e-01 -2.80000000e-01 -2.80000000e-01  1.14200000e+03 
-2.60000000e-01 -2.60000000e-01 -2.60000000e-01  1.14400000e+03 
-2.40000000e-01 -2.40000000e-01 -2.40000000e-01  1.14600000e+03 
-2.20000000e-01 -2.20000000e-01 -2.20000000e-01  1.14800000e+03 
-2.00000000e-01 -2.00000000e-01 -2.00000000e-01  1.15000000e+03 
-1.80000000e-01 -1.80000000e-01 -1.80000000e-01  1.15200000e+03 
-1.60000000e-01 -1.60000000e-01 -1.60000000e-01  1.15400000e+03 
-1.40000000e-01 -1.40000000e-01 -1.40000000e-01  1.15600000e+03 
-1.20000000e-01 -1.20000000e-01 -1.20000000e-01  1.15800000e+03 
-1.00000000e-01 -1.00000000e-01 -1.00000000e-01  1.16000000e+03 
-8.00000000e-02 -8.00000000e-02 -8.00000000e-02  1.16200000e+03 
-6.00000000e-02 -6.00000000e-02 -6.00000000e-02  1.16400000e+03 
-4.00000000e-02 -4.00000000e-02 -4.00000000e-02  1.16600000e+03 
-2.00000000e-02 -2.00000000e-02 -2.00000000e-02  1.16800000e+03 
 6.17561557e-16  6.17561557e-16  6.17561557e-16  1.17000000e+03 
 2.00000000e-02  2.00000000e-02  2.00000000e-02  1.17200000e+03 
 4.00000000e-02  4.00000000e-02  4.00000000e-02  1.17400000e+03 
 6.00000000e-02  6.00000000e-02  6.00000000e-02  1.17600000e+03 
 8.00000000e-02  8.00000000e-02  8.00000000e-02  1.17800000e+03 
 1.00000000e-01  1.00000000e-01  1.00000000e-01  1.18000000e+03 
 1.20000000e-01  1.20000000e-01  1.20000000e-01  1.18200000e+03 
 1.40000000e-01  1.40000000e-01  1.40000000e-01  1.18400000e+03 
 1.60000000e-01  1.60000000e-01  1.60000000e-01  1.18600000e+03 
 1.80000000e-01  1.80000000e-01  1.80000000e-01  1.18800000e+03 
 2.00000000e-01  2.00000000e-01  2.00000000e-01  1.19000000e+03 
 2.20000000e-01  2.20000000e-01  2.20000000e-01  1.19200000e+03 
 2.40000000e-01  2.40000000e-01  2.40000000e-01  1.19400000e+03 
 2.60000000e-01  2.60000000e-01  2.60000000e-01  1.19600000e+03 
 2.80000000e-01  2.80000000e-01  2.80000000e-01  1.19800000e+03 
 3.00000000e-01  3.00000000e-01  3.00000000e-01  1.20000000e+03 
 3.20000000e-01  3.20000000e-01  3.20000000e-01  1.20200000e+03 
 3.40000000e-01  3.40000000e-01  3.40000000e-01  1.20400000e+03 
 3.60000000e-01  3.60000000e-01  3.60000000e-01  1.20600000e+03 
 3.80000000e-01  3.80000000e-01  3.80000000e-01  1.20800000e+03 
 4.00000000e-01  4.00000000e-01  4.00000000e-01  1.21000000e+03 
 4.20000000e-01  4.20000000e-01  4.20000000e-01  1.21200000e+03 
 4.40000000e-01  4.40000000e-01  4.40000000e-01  1.21400000e+03 
 4.60000000e-01  4.60000000e-01  4.60000000e-01  1.21600000e+03 
 4.80000000e-01  4.80000000e-01  4.80000000e-01  1.21800000e+03 
 5.00000000e-01  5.00000000e-01  5.00000000e-01  1.22000000e+03 
 5.20000000e-01  5.20000000e-01  5.20000000e-01  1.22200000e+03 
 5.40000000e-01  5.40000000e-01  5.40000000e-01  1.22400000e+03 
 5.60000000e-01  5.60000000e-01  5.60000000e-01  1.22600000e+03 
 5.80000000e-01  5.80000000e-01  5.80000000e-01  1.22800000e+03 
 6.00000000e-01  6.00000000e-01  6.00000000e-01  1.23000000e+03 
 6.20000000e-01  6.20000000e-01  6.20000000e-01  1.23200000e+03 
 6.40000000e-01  6.40000000e-01  6.40000000e-01  1.23400000e+03 
 6.60000000e-01  6.60000000e-01  6.60000000e-01  1.23600000e+03 
 6.80000000e-01  6.80000000e-01  6.80000000e-01  1.23800000e+03 
 7.00000000e-01  7.00000000e-01  7.00000000e-01  1.24000000e+03 
 7.20000000e-01  7.20000000e-01  7.20000000e-01  1.24200000e+03 
 7.40000000e-01  7.40000000e-01  7.40000000e-01  1.24400000e+03 
 7.60000000e-01  7.60000000e-01  7.60000000e-01  1.24600000e+03 
 7.80000000e-01  7.80000000e-01  7.80000000e-01  1.24800000e+03 
 8.00000000e-01  8.00000000e-01  8.00000000e-01  1.25000000e+03 
 8.20000000e-01  8.20000000e-01  8.20000000e-01  1.25200000e+03 
 8.40000000e-01  8.40000000e-01  8.40000000e-01  1.25400000e+03 
 8.60000000e-01  8.60000000e-01  8.60000000e-01  1.25600000e+03 
 8.80000000e-01  8.80000000e-01  8.80000000e-01  1.25800000e+03 
 9.00000000e-01  9.00000000e-01  9.00000000e-01  1.26000000e+03 
 9.20000000e-01  9.20000000e-01  9.20000000e-01  1.26200000e+03 
 9.40000000e-01  9.40000000e-01  9.40000000e-01  1.26400000e+03 
 9.60000000e-01  9.60000000e-01  9.60000000e-01  1.26600000e+03 
 9.80000000e-01  9.80000000e-01  9.80000000e-01  1.26800000e+03 
 1.00000000e+00  1.00000000e+00  1.00000000e+00  1.27000000e+03 
