 0.00000000e+00  0.00000000e+00  0.00000000e+00  0.00000000e+00 
 1.00000000e-08  6.28318489e-04  1.00000000e-08  3.14159245e-04 
 2.00000000e-08  1.25663673e-03  2.00000000e-08  6.28318365e-04 
 4.00000000e-08  2.51327148e-03  4.00000000e-08  1.25663574e-03 
 8.00000000e-08  5.02652708e-03  8.00000000e-08  2.51326354e-03 
 1.60000000e-07  1.00529272e-02  1.60000000e-07  5.02646358e-03 
 3.20000000e-07  2.01048383e-02  3.20000000e-07  1.00524192e-02 
 6.40000000e-07  4.02015494e-02  6.40000000e-07  2.01007747e-02 
 1.28000000e-06  8.03381001e-02  1.28000000e-06  4.01690501e-02 
 2.28000000e-06  1.42767131e-01  2.28000000e-06  7.13835656e-02 
 3.28000000e-06  2.04632726e-01  3.28000000e-06  1.02316363e-01 
 4.28000000e-06  2.65690728e-01  4.28000000e-06  1.32845364e-01 
 5.28000000e-06  3.25700171e-01  5.28000000e-06  1.62850085e-01 
 6.28000000e-06  3.84424223e-01  6.28000000e-06  1.92212112e-01 
 7.28000000e-06  4.41631129e-01  7.28000000e-06  2.20815565e-01 
 8.28000000e-06  4.97095119e-01  8.28000000e-06  2.48547560e-01 
 9.28000000e-06  5.50597301e-01  9.28000000e-06  2.75298651e-01 
 1.02800000e-05  6.01926528e-01  1.02800000e-05  3.00963264e-01 
 1.12800000e-05  6.50880225e-01  1.12800000e-05  3.25440113e-01 
 1.22800000e-05  6.97265196e-01  1.22800000e-05  3.48632598e-01 
 1.32800000e-05  7.40898379e-01  1.32800000e-05  3.70449189e-01 
 1.42800000e-05  7.81607575e-01  1.42800000e-05  3.90803787e-01 
 1.52800000e-05  8.19232123e-01  1.52800000e-05  4.09616061e-01 
 1.62800000e-05  8.53623536e-01  1.62800000e-05  4.26811768e-01 
 1.72800000e-05  8.84646086e-01  1.72800000e-05  4.42323043e-01 
 1.82800000e-05  9.12177343e-01  1.82800000e-05  4.56088672e-01 
 1.92800000e-05  9.36108653e-01  1.92800000e-05  4.68054326e-01 
 2.02800000e-05  9.56345569e-01  2.02800000e-05  4.78172785e-01 
 2.12800000e-05  9.72808227e-01  2.12800000e-05  4.86404113e-01 
 2.22800000e-05  9.85431655e-01  2.22800000e-05  4.92715827e-01 
 2.32800000e-05  9.94166034e-01  2.32800000e-05  4.97083017e-01 
 2.42800000e-05  9.98976894e-01  2.42800000e-05  4.99488447e-01 
 2.52800000e-05  9.99845249e-01  2.52800000e-05  4.99922624e-01 
 2.62800000e-05  9.96767671e-01  2.62800000e-05  4.98383835e-01 
 2.72800000e-05  9.89756307e-01  2.72800000e-05  4.94878153e-01 
 2.82800000e-05  9.78838826e-01  2.82800000e-05  4.89419413e-01 
 2.92800000e-05  9.64058316e-01  2.92800000e-05  4.82029158e-01 
 3.02800000e-05  9.45473108e-01  3.02800000e-05  4.72736554e-01 
 3.12800000e-05  9.23156550e-01  3.12800000e-05  4.61578275e-01 
 3.22800000e-05  8.97196715e-01  3.22800000e-05  4.48598358e-01 
 3.32800000e-05  8.67696054e-01  3.32800000e-05  4.33848027e-01 
 3.42800000e-05  8.34770994e-01  3.42800000e-05  4.17385497e-01 
 3.52800000e-05  7.98551473e-01  3.52800000e-05  3.99275737e-01 
 3.62800000e-05  7.59180435e-01  3.62800000e-05  3.79590217e-01 
 3.72800000e-05  7.16813258e-01  3.72800000e-05  3.58406629e-01 
 3.82800000e-05  6.71617147e-01  3.82800000e-05  3.35808573e-01 
 3.92800000e-05  6.23770470e-01  3.92800000e-05  3.11885235e-01 
 4.02800000e-05  5.73462056e-01  4.02800000e-05  2.86731028e-01 
 4.12800000e-05  5.20890449e-01  4.12800000e-05  2.60445224e-01 
 4.22800000e-05  4.66263125e-01  4.22800000e-05  2.33131562e-01 
 4.32800000e-05  4.09795674e-01  4.32800000e-05  2.04897837e-01 
 4.42800000e-05  3.51710946e-01  4.42800000e-05  1.75855473e-01 
 4.52800000e-05  2.92238177e-01  4.52800000e-05  1.46119088e-01 
 4.62800000e-05  2.31612076e-01  4.62800000e-05  1.15806038e-01 
 4.72800000e-05  1.70071909e-01  4.72800000e-05  8.50359543e-02 
 4.82800000e-05  1.07860545e-01  4.82800000e-05  5.39302725e-02 
 4.92800000e-05  4.52235051e-02  4.92800000e-05  2.26117525e-02 
 5.02800000e-05 -1.75920113e-02  5.02800000e-05 -8.79600567e-03 
 5.12800000e-05 -8.03381001e-02  5.12800000e-05 -4.01690501e-02 
 5.22800000e-05 -1.42767131e-01  5.22800000e-05 -7.13835656e-02 
 5.32800000e-05 -2.04632726e-01  5.32800000e-05 -1.02316363e-01 
 5.42800000e-05 -2.65690728e-01  5.42800000e-05 -1.32845364e-01 
 5.52800000e-05 -3.25700171e-01  5.52800000e-05 -1.62850085e-01 
 5.62800000e-05 -3.84424223e-01  5.62800000e-05 -1.92212112e-01 
 5.72800000e-05 -4.41631129e-01  5.72800000e-05 -2.20815565e-01 
 5.82800000e-05 -4.97095119e-01  5.82800000e-05 -2.48547560e-01 
 5.92800000e-05 -5.50597301e-01  5.92800000e-05 -2.75298651e-01 
 6.02800000e-05 -6.01926528e-01  6.02800000e-05 -3.00963264e-01 
 6.12800000e-05 -6.50880225e-01  6.12800000e-05 -3.25440113e-01 
 6.22800000e-05 -6.97265196e-01  6.22800000e-05 -3.48632598e-01 
 6.32800000e-05 -7.40898379e-01  6.32800000e-05 -3.70449189e-01 
 6.42800000e-05 -7.81607575e-01  6.42800000e-05 -3.90803787e-01 
 6.52800000e-05 -8.19232123e-01  6.52800000e-05 -4.09616061e-01 
 6.62800000e-05 -8.53623536e-01  6.62800000e-05 -4.26811768e-01 
 6.72800000e-05 -8.84646086e-01  6.72800000e-05 -4.42323043e-01 
 6.82800000e-05 -9.12177343e-01  6.82800000e-05 -4.56088672e-01 
 6.92800000e-05 -9.36108653e-01  6.92800000e-05 -4.68054326e-01 
 7.02800000e-05 -9.56345569e-01  7.02800000e-05 -4.78172785e-01 
 7.12800000e-05 -9.72808227e-01  7.12800000e-05 -4.86404113e-01 
 7.22800000e-05 -9.85431655e-01  7.22800000e-05 -4.92715827e-01 
 7.32800000e-05 -9.94166034e-01  7.32800000e-05 -4.97083017e-01 
 7.42800000e-05 -9.98976894e-01  7.42800000e-05 -4.99488447e-01 
 7.52800000e-05 -9.99845249e-01  7.52800000e-05 -4.99922624e-01 
 7.62800000e-05 -9.96767671e-01  7.62800000e-05 -4.98383835e-01 
 7.72800000e-05 -9.89756307e-01  7.72800000e-05 -4.94878153e-01 
 7.82800000e-05 -9.78838826e-01  7.82800000e-05 -4.89419413e-01 
 7.92800000e-05 -9.64058316e-01  7.92800000e-05 -4.82029158e-01 
 8.02800000e-05 -9.45473108e-01  8.02800000e-05 -4.72736554e-01 
 8.12800000e-05 -9.23156550e-01  8.12800000e-05 -4.61578275e-01 
 8.22800000e-05 -8.97196715e-01  8.22800000e-05 -4.48598358e-01 
 8.32800000e-05 -8.67696054e-01  8.32800000e-05 -4.33848027e-01 
 8.42800000e-05 -8.34770994e-01  8.42800000e-05 -4.17385497e-01 
 8.52800000e-05 -7.98551473e-01  8.52800000e-05 -3.99275737e-01 
 8.62800000e-05 -7.59180435e-01  8.62800000e-05 -3.79590217e-01 
 8.72800000e-05 -7.16813258e-01  8.72800000e-05 -3.58406629e-01 
 8.82800000e-05 -6.71617147e-01  8.82800000e-05 -3.35808573e-01 
 8.92800000e-05 -6.23770470e-01  8.92800000e-05 -3.11885235e-01 
 9.02800000e-05 -5.73462056e-01  9.02800000e-05 -2.86731028e-01 
 9.12800000e-05 -5.20890449e-01  9.12800000e-05 -2.60445224e-01 
 9.22800000e-05 -4.66263125e-01  9.22800000e-05 -2.33131562e-01 
 9.32800000e-05 -4.09795674e-01  9.32800000e-05 -2.04897837e-01 
 9.42800000e-05 -3.51710946e-01  9.42800000e-05 -1.75855473e-01 
 9.52800000e-05 -2.92238177e-01  9.52800000e-05 -1.46119088e-01 
 9.62800000e-05 -2.31612076e-01  9.62800000e-05 -1.15806038e-01 
 9.72800000e-05 -1.70071909e-01  9.72800000e-05 -8.50359543e-02 
 9.82800000e-05 -1.07860545e-01  9.82800000e-05 -5.39302725e-02 
 9.92800000e-05 -4.52235051e-02  9.92800000e-05 -2.26117525e-02 
 1.00280000e-04  1.75920113e-02  1.00280000e-04  8.79600567e-03 
 1.01280000e-04  8.03381001e-02  1.01280000e-04  4.01690501e-02 
 1.02280000e-04  1.42767131e-01  1.02280000e-04  7.13835656e-02 
 1.03280000e-04  2.04632726e-01  1.03280000e-04  1.02316363e-01 
 1.04280000e-04  2.65690728e-01  1.04280000e-04  1.32845364e-01 
 1.05280000e-04  3.25700171e-01  1.05280000e-04  1.62850085e-01 
 1.06280000e-04  3.84424223e-01  1.06280000e-04  1.92212112e-01 
 1.07280000e-04  4.41631129e-01  1.07280000e-04  2.20815565e-01 
 1.08280000e-04  4.97095119e-01  1.08280000e-04  2.48547560e-01 
 1.09280000e-04  5.50597301e-01  1.09280000e-04  2.75298651e-01 
 1.10280000e-04  6.01926528e-01  1.10280000e-04  3.00963264e-01 
 1.11280000e-04  6.50880225e-01  1.11280000e-04  3.25440113e-01 
 1.12280000e-04  6.97265196e-01  1.12280000e-04  3.48632598e-01 
 1.13280000e-04  7.40898379e-01  1.13280000e-04  3.70449189e-01 
 1.14280000e-04  7.81607575e-01  1.14280000e-04  3.90803787e-01 
 1.15280000e-04  8.19232123e-01  1.15280000e-04  4.09616061e-01 
 1.16280000e-04  8.53623536e-01  1.16280000e-04  4.26811768e-01 
 1.17280000e-04  8.84646086e-01  1.17280000e-04  4.42323043e-01 
 1.18280000e-04  9.12177343e-01  1.18280000e-04  4.56088672e-01 
 1.19280000e-04  9.36108653e-01  1.19280000e-04  4.68054326e-01 
 1.20280000e-04  9.56345569e-01  1.20280000e-04  4.78172785e-01 
 1.21280000e-04  9.72808227e-01  1.21280000e-04  4.86404113e-01 
 1.22280000e-04  9.85431655e-01  1.22280000e-04  4.92715827e-01 
 1.23280000e-04  9.94166034e-01  1.23280000e-04  4.97083017e-01 
 1.24280000e-04  9.98976894e-01  1.24280000e-04  4.99488447e-01 
 1.25280000e-04  9.99845249e-01  1.25280000e-04  4.99922624e-01 
 1.26280000e-04  9.96767671e-01  1.26280000e-04  4.98383835e-01 
 1.27280000e-04  9.89756307e-01  1.27280000e-04  4.94878153e-01 
 1.28280000e-04  9.78838826e-01  1.28280000e-04  4.89419413e-01 
 1.29280000e-04  9.64058316e-01  1.29280000e-04  4.82029158e-01 
 1.30280000e-04  9.45473108e-01  1.30280000e-04  4.72736554e-01 
 1.31280000e-04  9.23156550e-01  1.31280000e-04  4.61578275e-01 
 1.32280000e-04  8.97196715e-01  1.32280000e-04  4.48598358e-01 
 1.33280000e-04  8.67696054e-01  1.33280000e-04  4.33848027e-01 
 1.34280000e-04  8.34770994e-01  1.34280000e-04  4.17385497e-01 
 1.35280000e-04  7.98551473e-01  1.35280000e-04  3.99275737e-01 
 1.36280000e-04  7.59180435e-01  1.36280000e-04  3.79590217e-01 
 1.37280000e-04  7.16813258e-01  1.37280000e-04  3.58406629e-01 
 1.38280000e-04  6.71617147e-01  1.38280000e-04  3.35808573e-01 
 1.39280000e-04  6.23770470e-01  1.39280000e-04  3.11885235e-01 
 1.40280000e-04  5.73462056e-01  1.40280000e-04  2.86731028e-01 
 1.41280000e-04  5.20890449e-01  1.41280000e-04  2.60445224e-01 
 1.42280000e-04  4.66263125e-01  1.42280000e-04  2.33131562e-01 
 1.43280000e-04  4.09795674e-01  1.43280000e-04  2.04897837e-01 
 1.44280000e-04  3.51710946e-01  1.44280000e-04  1.75855473e-01 
 1.45280000e-04  2.92238177e-01  1.45280000e-04  1.46119088e-01 
 1.46280000e-04  2.31612076e-01  1.46280000e-04  1.15806038e-01 
 1.47280000e-04  1.70071909e-01  1.47280000e-04  8.50359543e-02 
 1.48280000e-04  1.07860545e-01  1.48280000e-04  5.39302725e-02 
 1.49280000e-04  4.52235051e-02  1.49280000e-04  2.26117525e-02 
 1.50280000e-04 -1.75920113e-02  1.50280000e-04 -8.79600567e-03 
 1.51280000e-04 -8.03381001e-02  1.51280000e-04 -4.01690501e-02 
 1.52280000e-04 -1.42767131e-01  1.52280000e-04 -7.13835656e-02 
 1.53280000e-04 -2.04632726e-01  1.53280000e-04 -1.02316363e-01 
 1.54280000e-04 -2.65690728e-01  1.54280000e-04 -1.32845364e-01 
 1.55280000e-04 -3.25700171e-01  1.55280000e-04 -1.62850085e-01 
 1.56280000e-04 -3.84424223e-01  1.56280000e-04 -1.92212112e-01 
 1.57280000e-04 -4.41631129e-01  1.57280000e-04 -2.20815565e-01 
 1.58280000e-04 -4.97095119e-01  1.58280000e-04 -2.48547560e-01 
 1.59280000e-04 -5.50597301e-01  1.59280000e-04 -2.75298651e-01 
 1.60280000e-04 -6.01926528e-01  1.60280000e-04 -3.00963264e-01 
 1.61280000e-04 -6.50880225e-01  1.61280000e-04 -3.25440113e-01 
 1.62280000e-04 -6.97265196e-01  1.62280000e-04 -3.48632598e-01 
 1.63280000e-04 -7.40898379e-01  1.63280000e-04 -3.70449189e-01 
 1.64280000e-04 -7.81607575e-01  1.64280000e-04 -3.90803787e-01 
 1.65280000e-04 -8.19232123e-01  1.65280000e-04 -4.09616061e-01 
 1.66280000e-04 -8.53623536e-01  1.66280000e-04 -4.26811768e-01 
 1.67280000e-04 -8.84646086e-01  1.67280000e-04 -4.42323043e-01 
 1.68280000e-04 -9.12177343e-01  1.68280000e-04 -4.56088672e-01 
 1.69280000e-04 -9.36108653e-01  1.69280000e-04 -4.68054326e-01 
 1.70280000e-04 -9.56345569e-01  1.70280000e-04 -4.78172785e-01 
 1.71280000e-04 -9.72808227e-01  1.71280000e-04 -4.86404113e-01 
 1.72280000e-04 -9.85431655e-01  1.72280000e-04 -4.92715827e-01 
 1.73280000e-04 -9.94166034e-01  1.73280000e-04 -4.97083017e-01 
 1.74280000e-04 -9.98976894e-01  1.74280000e-04 -4.99488447e-01 
 1.75280000e-04 -9.99845249e-01  1.75280000e-04 -4.99922624e-01 
 1.76280000e-04 -9.96767671e-01  1.76280000e-04 -4.98383835e-01 
 1.77280000e-04 -9.89756307e-01  1.77280000e-04 -4.94878153e-01 
 1.78280000e-04 -9.78838826e-01  1.78280000e-04 -4.89419413e-01 
 1.79280000e-04 -9.64058316e-01  1.79280000e-04 -4.82029158e-01 
 1.80280000e-04 -9.45473108e-01  1.80280000e-04 -4.72736554e-01 
 1.81280000e-04 -9.23156550e-01  1.81280000e-04 -4.61578275e-01 
 1.82280000e-04 -8.97196715e-01  1.82280000e-04 -4.48598358e-01 
 1.83280000e-04 -8.67696054e-01  1.83280000e-04 -4.33848027e-01 
 1.84280000e-04 -8.34770994e-01  1.84280000e-04 -4.17385497e-01 
 1.85280000e-04 -7.98551473e-01  1.85280000e-04 -3.99275737e-01 
 1.86280000e-04 -7.59180435e-01  1.86280000e-04 -3.79590217e-01 
 1.87280000e-04 -7.16813258e-01  1.87280000e-04 -3.58406629e-01 
 1.88280000e-04 -6.71617147e-01  1.88280000e-04 -3.35808573e-01 
 1.89280000e-04 -6.23770470e-01  1.89280000e-04 -3.11885235e-01 
 1.90280000e-04 -5.73462056e-01  1.90280000e-04 -2.86731028e-01 
 1.91280000e-04 -5.20890449e-01  1.91280000e-04 -2.60445224e-01 
 1.92280000e-04 -4.66263125e-01  1.92280000e-04 -2.33131562e-01 
 1.93280000e-04 -4.09795674e-01  1.93280000e-04 -2.04897837e-01 
 1.94280000e-04 -3.51710946e-01  1.94280000e-04 -1.75855473e-01 
 1.95280000e-04 -2.92238177e-01  1.95280000e-04 -1.46119088e-01 
 1.96280000e-04 -2.31612076e-01  1.96280000e-04 -1.15806038e-01 
 1.97280000e-04 -1.70071909e-01  1.97280000e-04 -8.50359543e-02 
 1.98280000e-04 -1.07860545e-01  1.98280000e-04 -5.39302725e-02 
 1.99140000e-04 -5.40091018e-02  1.99140000e-04 -2.70045509e-02 
 2.00000000e-04 -2.26621556e-15  2.00000000e-04 -1.13310778e-15 
