 0.00000000e+00  0.00000000e+00  0.00000000e+00  1.07000000e+03 
 2.00000000e-09  1.25663673e-03  2.00000000e-09  1.07200126e+03 
 4.00000000e-09  2.51327148e-03  4.00000000e-09  1.07400251e+03 
 8.00000000e-09  5.02652708e-03  8.00000000e-09  1.07600503e+03 
 1.60000000e-08  1.00529272e-02  1.60000000e-08  1.07801005e+03 
 3.20000000e-08  2.01048383e-02  3.20000000e-08  1.08002010e+03 
 6.40000000e-08  4.02015494e-02  6.40000000e-08  1.08204020e+03 
 1.28000000e-07  8.03381001e-02  1.28000000e-07  1.08408034e+03 
 2.56000000e-07  1.60156842e-01  2.56000000e-07  1.08616016e+03 
 5.12000000e-07  3.16178940e-01  5.12000000e-07  1.08831618e+03 
 9.12000000e-07  5.42177587e-01  9.12000000e-07  1.09054218e+03 
 1.31200000e-06  7.34109222e-01  1.31200000e-06  1.09273411e+03 
 1.71200000e-06  8.79914074e-01  1.71200000e-06  1.09487991e+03 
 2.11200000e-06  9.70430690e-01  2.11200000e-06  1.09697043e+03 
 2.51200000e-06  9.99971576e-01  2.51200000e-06  1.09899997e+03 
 2.91200000e-06  9.66680570e-01  2.91200000e-06  1.10096668e+03 
 3.31200000e-06  8.72649469e-01  3.31200000e-06  1.10287265e+03 
 3.71200000e-06  7.23786592e-01  3.71200000e-06  1.10472379e+03 
 4.11200000e-06  5.29445542e-01  4.11200000e-06  1.10652945e+03 
 4.51200000e-06  3.01837482e-01  4.51200000e-06  1.10830184e+03 
 4.91200000e-06  5.52638618e-02  4.91200000e-06  1.11005526e+03 
 5.31200000e-06 -1.94782190e-01  5.31200000e-06  1.11180522e+03 
 5.71200000e-06 -4.32589360e-01  5.71200000e-06  1.11356741e+03 
 6.11200000e-06 -6.43215349e-01  6.11200000e-06  1.11535678e+03 
 6.51200000e-06 -8.13425753e-01  6.51200000e-06  1.11718657e+03 
 6.91200000e-06 -9.32525625e-01  6.91200000e-06  1.11906747e+03 
 7.31200000e-06 -9.93031482e-01  7.31200000e-06  1.12100697e+03 
 7.71200000e-06 -9.91141520e-01  7.71200000e-06  1.12300886e+03 
 8.11200000e-06 -9.26974490e-01  8.11200000e-06  1.12507303e+03 
 8.51200000e-06 -8.04562244e-01  8.51200000e-06  1.12719544e+03 
 8.91200000e-06 -6.31596393e-01  8.91200000e-06  1.12936840e+03 
 9.31200000e-06 -4.18945018e-01  9.31200000e-06  1.13158105e+03 
 9.71200000e-06 -1.79969787e-01  9.71200000e-06  1.13382003e+03 
 1.01120000e-05  7.03136077e-02  1.01120000e-05  1.13607031e+03 
 1.05120000e-05  3.16178940e-01  1.05120000e-05  1.13831618e+03 
 1.09120000e-05  5.42177587e-01  1.09120000e-05  1.14054218e+03 
 1.13120000e-05  7.34109222e-01  1.13120000e-05  1.14273411e+03 
 1.17120000e-05  8.79914074e-01  1.17120000e-05  1.14487991e+03 
 1.21120000e-05  9.70430690e-01  1.21120000e-05  1.14697043e+03 
 1.25120000e-05  9.99971576e-01  1.25120000e-05  1.14899997e+03 
 1.29120000e-05  9.66680570e-01  1.29120000e-05  1.15096668e+03 
 1.33120000e-05  8.72649469e-01  1.33120000e-05  1.15287265e+03 
 1.37120000e-05  7.23786592e-01  1.37120000e-05  1.15472379e+03 
 1.41120000e-05  5.29445542e-01  1.41120000e-05  1.15652945e+03 
 1.45120000e-05  3.01837482e-01  1.45120000e-05  1.15830184e+03 
 1.49120000e-05  5.52638618e-02  1.49120000e-05  1.16005526e+03 
 1.53120000e-05 -1.94782190e-01  1.53120000e-05  1.16180522e+03 
 1.57120000e-05 -4.32589360e-01  1.57120000e-05  1.16356741e+03 
 1.61120000e-05 -6.43215349e-01  1.61120000e-05  1.16535678e+03 
 1.65120000e-05 -8.13425753e-01  1.65120000e-05  1.16718657e+03 
 1.69120000e-05 -9.32525625e-01  1.69120000e-05  1.16906747e+03 
 1.73120000e-05 -9.93031482e-01  1.73120000e-05  1.17100697e+03 
 1.77120000e-05 -9.91141520e-01  1.77120000e-05  1.17300886e+03 
 1.81120000e-05 -9.26974490e-01  1.81120000e-05  1.17507303e+03 
 1.85120000e-05 -8.04562244e-01  1.85120000e-05  1.17719544e+03 
 1.89120000e-05 -6.31596393e-01  1.89120000e-05  1.17936840e+03 
 1.93120000e-05 -4.18945018e-01  1.93120000e-05  1.18158105e+03 
 1.96560000e-05 -2.14462580e-01  1.96560000e-05  1.18378554e+03 
 2.00000000e-05 -2.26621556e-15  2.00000000e-05  1.18600000e+03 
