 0.00000000e+00  0.00000000e+00 
 1.00000000e-07  0.00000000e+00 
 2.00000000e-07  0.00000000e+00 
 4.00000000e-07  0.00000000e+00 
 8.00000000e-07  0.00000000e+00 
 1.60000000e-06  0.00000000e+00 
 3.20000000e-06  0.00000000e+00 
 6.40000000e-06  0.00000000e+00 
 1.28000000e-05  0.00000000e+00 
 2.28000000e-05  0.00000000e+00 
 3.28000000e-05  0.00000000e+00 
 4.28000000e-05  0.00000000e+00 
 5.28000000e-05  0.00000000e+00 
 6.28000000e-05  0.00000000e+00 
 7.28000000e-05  0.00000000e+00 
 8.28000000e-05  0.00000000e+00 
 9.28000000e-05  0.00000000e+00 
 1.02800000e-04  0.00000000e+00 
 1.12800000e-04  0.00000000e+00 
 1.22800000e-04  0.00000000e+00 
 1.32800000e-04  0.00000000e+00 
 1.42800000e-04  0.00000000e+00 
 1.52800000e-04  0.00000000e+00 
 1.62800000e-04  0.00000000e+00 
 1.72800000e-04  0.00000000e+00 
 1.82800000e-04  0.00000000e+00 
 1.92800000e-04  0.00000000e+00 
 2.02800000e-04  0.00000000e+00 
 2.12800000e-04  0.00000000e+00 
 2.22800000e-04  0.00000000e+00 
 2.32800000e-04  0.00000000e+00 
 2.42800000e-04  0.00000000e+00 
 2.52800000e-04  0.00000000e+00 
 2.62800000e-04  0.00000000e+00 
 2.72800000e-04  0.00000000e+00 
 2.82800000e-04  0.00000000e+00 
 2.92800000e-04  0.00000000e+00 
 3.02800000e-04  0.00000000e+00 
 3.12800000e-04  0.00000000e+00 
 3.22800000e-04  0.00000000e+00 
 3.32800000e-04  0.00000000e+00 
 3.42800000e-04  0.00000000e+00 
 3.52800000e-04  0.00000000e+00 
 3.62800000e-04  0.00000000e+00 
 3.72800000e-04  0.00000000e+00 
 3.82800000e-04  0.00000000e+00 
 3.92800000e-04  0.00000000e+00 
 4.02800000e-04  0.00000000e+00 
 4.12800000e-04  0.00000000e+00 
 4.22800000e-04  0.00000000e+00 
 4.32800000e-04  0.00000000e+00 
 4.42800000e-04  0.00000000e+00 
 4.52800000e-04  0.00000000e+00 
 4.62800000e-04  0.00000000e+00 
 4.72800000e-04  0.00000000e+00 
 4.82800000e-04  0.00000000e+00 
 4.92800000e-04  0.00000000e+00 
 5.02800000e-04  0.00000000e+00 
 5.12800000e-04  0.00000000e+00 
 5.22800000e-04  0.00000000e+00 
 5.32800000e-04  0.00000000e+00 
 5.42800000e-04  0.00000000e+00 
 5.52800000e-04  0.00000000e+00 
 5.62800000e-04  0.00000000e+00 
 5.72800000e-04  0.00000000e+00 
 5.82800000e-04  0.00000000e+00 
 5.92800000e-04  0.00000000e+00 
 6.02800000e-04  0.00000000e+00 
 6.12800000e-04  0.00000000e+00 
 6.22800000e-04  0.00000000e+00 
 6.32800000e-04  0.00000000e+00 
 6.42800000e-04  0.00000000e+00 
 6.52800000e-04  0.00000000e+00 
 6.62800000e-04  0.00000000e+00 
 6.72800000e-04  0.00000000e+00 
 6.82800000e-04  0.00000000e+00 
 6.92800000e-04  0.00000000e+00 
 7.02800000e-04  0.00000000e+00 
 7.12800000e-04  0.00000000e+00 
 7.22800000e-04  0.00000000e+00 
 7.32800000e-04  0.00000000e+00 
 7.42800000e-04  0.00000000e+00 
 7.52800000e-04  0.00000000e+00 
 7.62800000e-04  0.00000000e+00 
 7.72800000e-04  0.00000000e+00 
 7.82800000e-04  0.00000000e+00 
 7.92800000e-04  0.00000000e+00 
 8.02800000e-04  0.00000000e+00 
 8.12800000e-04  0.00000000e+00 
 8.22800000e-04  0.00000000e+00 
 8.32800000e-04  0.00000000e+00 
 8.42800000e-04  0.00000000e+00 
 8.52800000e-04  0.00000000e+00 
 8.62800000e-04  0.00000000e+00 
 8.72800000e-04  0.00000000e+00 
 8.82800000e-04  0.00000000e+00 
 8.92800000e-04  0.00000000e+00 
 9.02800000e-04  0.00000000e+00 
 9.12800000e-04  0.00000000e+00 
 9.22800000e-04  0.00000000e+00 
 9.32800000e-04  0.00000000e+00 
 9.42800000e-04  0.00000000e+00 
 9.52800000e-04  0.00000000e+00 
 9.62800000e-04  0.00000000e+00 
 9.72800000e-04  0.00000000e+00 
 9.82800000e-04  0.00000000e+00 
 9.92800000e-04  0.00000000e+00 
 1.00280000e-03  0.00000000e+00 
 1.01280000e-03  0.00000000e+00 
 1.02280000e-03  0.00000000e+00 
 1.03280000e-03  0.00000000e+00 
 1.04280000e-03  0.00000000e+00 
 1.05280000e-03  0.00000000e+00 
 1.06280000e-03  0.00000000e+00 
 1.07280000e-03  0.00000000e+00 
 1.08280000e-03  0.00000000e+00 
 1.09280000e-03  0.00000000e+00 
 1.10280000e-03  0.00000000e+00 
 1.11280000e-03  0.00000000e+00 
 1.12280000e-03  0.00000000e+00 
 1.13280000e-03  0.00000000e+00 
 1.14280000e-03  0.00000000e+00 
 1.15280000e-03  0.00000000e+00 
 1.16280000e-03  0.00000000e+00 
 1.17280000e-03  0.00000000e+00 
 1.18280000e-03  0.00000000e+00 
 1.19280000e-03  0.00000000e+00 
 1.20280000e-03  0.00000000e+00 
 1.21280000e-03  0.00000000e+00 
 1.22280000e-03  0.00000000e+00 
 1.23280000e-03  0.00000000e+00 
 1.24280000e-03  0.00000000e+00 
 1.25280000e-03  0.00000000e+00 
 1.26280000e-03  0.00000000e+00 
 1.27280000e-03  0.00000000e+00 
 1.28280000e-03  0.00000000e+00 
 1.29280000e-03  0.00000000e+00 
 1.30280000e-03  0.00000000e+00 
 1.31280000e-03  0.00000000e+00 
 1.32280000e-03  0.00000000e+00 
 1.33280000e-03  0.00000000e+00 
 1.34280000e-03  0.00000000e+00 
 1.35280000e-03  0.00000000e+00 
 1.36280000e-03  0.00000000e+00 
 1.37280000e-03  0.00000000e+00 
 1.38280000e-03  0.00000000e+00 
 1.39280000e-03  0.00000000e+00 
 1.40280000e-03  0.00000000e+00 
 1.41280000e-03  0.00000000e+00 
 1.42280000e-03  0.00000000e+00 
 1.43280000e-03  0.00000000e+00 
 1.44280000e-03  0.00000000e+00 
 1.45280000e-03  0.00000000e+00 
 1.46280000e-03  0.00000000e+00 
 1.47280000e-03  0.00000000e+00 
 1.48280000e-03  0.00000000e+00 
 1.49280000e-03  0.00000000e+00 
 1.50280000e-03  0.00000000e+00 
 1.51280000e-03  0.00000000e+00 
 1.52280000e-03  0.00000000e+00 
 1.53280000e-03  0.00000000e+00 
 1.54280000e-03  0.00000000e+00 
 1.55280000e-03  0.00000000e+00 
 1.56280000e-03  0.00000000e+00 
 1.57280000e-03  0.00000000e+00 
 1.58280000e-03  0.00000000e+00 
 1.59280000e-03  0.00000000e+00 
 1.60280000e-03  0.00000000e+00 
 1.61280000e-03  0.00000000e+00 
 1.62280000e-03  0.00000000e+00 
 1.63280000e-03  0.00000000e+00 
 1.64280000e-03  0.00000000e+00 
 1.65280000e-03  0.00000000e+00 
 1.66280000e-03  0.00000000e+00 
 1.67280000e-03  0.00000000e+00 
 1.68280000e-03  0.00000000e+00 
 1.69280000e-03  0.00000000e+00 
 1.70280000e-03  0.00000000e+00 
 1.71280000e-03  0.00000000e+00 
 1.72280000e-03  0.00000000e+00 
 1.73280000e-03  0.00000000e+00 
 1.74280000e-03  0.00000000e+00 
 1.75280000e-03  0.00000000e+00 
 1.76280000e-03  0.00000000e+00 
 1.77280000e-03  0.00000000e+00 
 1.78280000e-03  0.00000000e+00 
 1.79280000e-03  0.00000000e+00 
 1.80280000e-03  0.00000000e+00 
 1.81280000e-03  0.00000000e+00 
 1.82280000e-03  0.00000000e+00 
 1.83280000e-03  0.00000000e+00 
 1.84280000e-03  0.00000000e+00 
 1.85280000e-03  0.00000000e+00 
 1.86280000e-03  0.00000000e+00 
 1.87280000e-03  0.00000000e+00 
 1.88280000e-03  0.00000000e+00 
 1.89280000e-03  0.00000000e+00 
 1.90280000e-03  0.00000000e+00 
 1.91280000e-03  0.00000000e+00 
 1.92280000e-03  0.00000000e+00 
 1.93280000e-03  0.00000000e+00 
 1.94280000e-03  0.00000000e+00 
 1.95280000e-03  0.00000000e+00 
 1.96280000e-03  0.00000000e+00 
 1.97280000e-03  0.00000000e+00 
 1.98280000e-03  0.00000000e+00 
 1.99000000e-03  0.00000000e+00 
 2.00000000e-03  1.00000000e+00 
 2.01000000e-03  1.00000000e+00 
 2.02000000e-03  1.00000000e+00 
 2.03000000e-03  1.00000000e+00 
 2.04000000e-03  1.00000000e+00 
 2.05000000e-03  1.00000000e+00 
 2.06000000e-03  1.00000000e+00 
 2.07000000e-03  1.00000000e+00 
 2.08000000e-03  1.00000000e+00 
 2.09000000e-03  1.00000000e+00 
 2.10000000e-03  1.00000000e+00 
 2.11000000e-03  1.00000000e+00 
 2.12000000e-03  1.00000000e+00 
 2.13000000e-03  1.00000000e+00 
 2.14000000e-03  1.00000000e+00 
 2.15000000e-03  1.00000000e+00 
 2.16000000e-03  1.00000000e+00 
 2.17000000e-03  1.00000000e+00 
 2.18000000e-03  1.00000000e+00 
 2.19000000e-03  1.00000000e+00 
 2.20000000e-03  1.00000000e+00 
 2.21000000e-03  1.00000000e+00 
 2.22000000e-03  1.00000000e+00 
 2.23000000e-03  1.00000000e+00 
 2.24000000e-03  1.00000000e+00 
 2.25000000e-03  1.00000000e+00 
 2.26000000e-03  1.00000000e+00 
 2.27000000e-03  1.00000000e+00 
 2.28000000e-03  1.00000000e+00 
 2.29000000e-03  1.00000000e+00 
 2.30000000e-03  1.00000000e+00 
 2.31000000e-03  1.00000000e+00 
 2.32000000e-03  1.00000000e+00 
 2.33000000e-03  1.00000000e+00 
 2.34000000e-03  1.00000000e+00 
 2.35000000e-03  1.00000000e+00 
 2.36000000e-03  1.00000000e+00 
 2.37000000e-03  1.00000000e+00 
 2.38000000e-03  1.00000000e+00 
 2.39000000e-03  1.00000000e+00 
 2.40000000e-03  1.00000000e+00 
 2.41000000e-03  1.00000000e+00 
 2.42000000e-03  1.00000000e+00 
 2.43000000e-03  1.00000000e+00 
 2.44000000e-03  1.00000000e+00 
 2.45000000e-03  1.00000000e+00 
 2.46000000e-03  1.00000000e+00 
 2.47000000e-03  1.00000000e+00 
 2.48000000e-03  1.00000000e+00 
 2.49000000e-03  1.00000000e+00 
 2.50000000e-03  1.00000000e+00 
 2.51000000e-03  1.00000000e+00 
 2.52000000e-03  1.00000000e+00 
 2.53000000e-03  1.00000000e+00 
 2.54000000e-03  1.00000000e+00 
 2.55000000e-03  1.00000000e+00 
 2.56000000e-03  1.00000000e+00 
 2.57000000e-03  1.00000000e+00 
 2.58000000e-03  1.00000000e+00 
 2.59000000e-03  1.00000000e+00 
 2.60000000e-03  1.00000000e+00 
 2.61000000e-03  1.00000000e+00 
 2.62000000e-03  1.00000000e+00 
 2.63000000e-03  1.00000000e+00 
 2.64000000e-03  1.00000000e+00 
 2.65000000e-03  1.00000000e+00 
 2.66000000e-03  1.00000000e+00 
 2.67000000e-03  1.00000000e+00 
 2.68000000e-03  1.00000000e+00 
 2.69000000e-03  1.00000000e+00 
 2.70000000e-03  1.00000000e+00 
 2.71000000e-03  1.00000000e+00 
 2.72000000e-03  1.00000000e+00 
 2.73000000e-03  1.00000000e+00 
 2.74000000e-03  1.00000000e+00 
 2.75000000e-03  1.00000000e+00 
 2.76000000e-03  1.00000000e+00 
 2.77000000e-03  1.00000000e+00 
 2.78000000e-03  1.00000000e+00 
 2.79000000e-03  1.00000000e+00 
 2.80000000e-03  1.00000000e+00 
 2.81000000e-03  1.00000000e+00 
 2.82000000e-03  1.00000000e+00 
 2.83000000e-03  1.00000000e+00 
 2.84000000e-03  1.00000000e+00 
 2.85000000e-03  1.00000000e+00 
 2.86000000e-03  1.00000000e+00 
 2.87000000e-03  1.00000000e+00 
 2.88000000e-03  1.00000000e+00 
 2.89000000e-03  1.00000000e+00 
 2.90000000e-03  1.00000000e+00 
 2.91000000e-03  1.00000000e+00 
 2.92000000e-03  1.00000000e+00 
 2.93000000e-03  1.00000000e+00 
 2.94000000e-03  1.00000000e+00 
 2.95000000e-03  1.00000000e+00 
 2.96000000e-03  1.00000000e+00 
 2.97000000e-03  1.00000000e+00 
 2.98000000e-03  1.00000000e+00 
 2.99000000e-03  1.00000000e+00 
 3.00000000e-03  2.00000000e+00 
 3.01000000e-03  2.00000000e+00 
 3.02000000e-03  2.00000000e+00 
 3.03000000e-03  2.00000000e+00 
 3.04000000e-03  2.00000000e+00 
 3.05000000e-03  2.00000000e+00 
 3.06000000e-03  2.00000000e+00 
 3.07000000e-03  2.00000000e+00 
 3.08000000e-03  2.00000000e+00 
 3.09000000e-03  2.00000000e+00 
 3.10000000e-03  2.00000000e+00 
 3.11000000e-03  2.00000000e+00 
 3.12000000e-03  2.00000000e+00 
 3.13000000e-03  2.00000000e+00 
 3.14000000e-03  2.00000000e+00 
 3.15000000e-03  2.00000000e+00 
 3.16000000e-03  2.00000000e+00 
 3.17000000e-03  2.00000000e+00 
 3.18000000e-03  2.00000000e+00 
 3.19000000e-03  2.00000000e+00 
 3.20000000e-03  2.00000000e+00 
 3.21000000e-03  2.00000000e+00 
 3.22000000e-03  2.00000000e+00 
 3.23000000e-03  2.00000000e+00 
 3.24000000e-03  2.00000000e+00 
 3.25000000e-03  2.00000000e+00 
 3.26000000e-03  2.00000000e+00 
 3.27000000e-03  2.00000000e+00 
 3.28000000e-03  2.00000000e+00 
 3.29000000e-03  2.00000000e+00 
 3.30000000e-03  2.00000000e+00 
 3.31000000e-03  2.00000000e+00 
 3.32000000e-03  2.00000000e+00 
 3.33000000e-03  2.00000000e+00 
 3.34000000e-03  2.00000000e+00 
 3.35000000e-03  2.00000000e+00 
 3.36000000e-03  2.00000000e+00 
 3.37000000e-03  2.00000000e+00 
 3.38000000e-03  2.00000000e+00 
 3.39000000e-03  2.00000000e+00 
 3.40000000e-03  2.00000000e+00 
 3.41000000e-03  2.00000000e+00 
 3.42000000e-03  2.00000000e+00 
 3.43000000e-03  2.00000000e+00 
 3.44000000e-03  2.00000000e+00 
 3.45000000e-03  2.00000000e+00 
 3.46000000e-03  2.00000000e+00 
 3.47000000e-03  2.00000000e+00 
 3.48000000e-03  2.00000000e+00 
 3.49000000e-03  2.00000000e+00 
 3.50000000e-03  2.00000000e+00 
 3.51000000e-03  2.00000000e+00 
 3.52000000e-03  2.00000000e+00 
 3.53000000e-03  2.00000000e+00 
 3.54000000e-03  2.00000000e+00 
 3.55000000e-03  2.00000000e+00 
 3.56000000e-03  2.00000000e+00 
 3.57000000e-03  2.00000000e+00 
 3.58000000e-03  2.00000000e+00 
 3.59000000e-03  2.00000000e+00 
 3.60000000e-03  2.00000000e+00 
 3.61000000e-03  2.00000000e+00 
 3.62000000e-03  2.00000000e+00 
 3.63000000e-03  2.00000000e+00 
 3.64000000e-03  2.00000000e+00 
 3.65000000e-03  2.00000000e+00 
 3.66000000e-03  2.00000000e+00 
 3.67000000e-03  2.00000000e+00 
 3.68000000e-03  2.00000000e+00 
 3.69000000e-03  2.00000000e+00 
 3.70000000e-03  2.00000000e+00 
 3.71000000e-03  2.00000000e+00 
 3.72000000e-03  2.00000000e+00 
 3.73000000e-03  2.00000000e+00 
 3.74000000e-03  2.00000000e+00 
 3.75000000e-03  2.00000000e+00 
 3.76000000e-03  2.00000000e+00 
 3.77000000e-03  2.00000000e+00 
 3.78000000e-03  2.00000000e+00 
 3.79000000e-03  2.00000000e+00 
 3.80000000e-03  2.00000000e+00 
 3.81000000e-03  2.00000000e+00 
 3.82000000e-03  2.00000000e+00 
 3.83000000e-03  2.00000000e+00 
 3.84000000e-03  2.00000000e+00 
 3.85000000e-03  2.00000000e+00 
 3.86000000e-03  2.00000000e+00 
 3.87000000e-03  2.00000000e+00 
 3.88000000e-03  2.00000000e+00 
 3.89000000e-03  2.00000000e+00 
 3.90000000e-03  2.00000000e+00 
 3.91000000e-03  2.00000000e+00 
 3.92000000e-03  2.00000000e+00 
 3.93000000e-03  2.00000000e+00 
 3.94000000e-03  2.00000000e+00 
 3.95000000e-03  2.00000000e+00 
 3.96000000e-03  2.00000000e+00 
 3.97000000e-03  2.00000000e+00 
 3.98000000e-03  2.00000000e+00 
 3.99000000e-03  2.00000000e+00 
 4.00000000e-03  3.00000000e+00 
 4.01000000e-03  3.00000000e+00 
 4.02000000e-03  3.00000000e+00 
 4.03000000e-03  3.00000000e+00 
 4.04000000e-03  3.00000000e+00 
 4.05000000e-03  3.00000000e+00 
 4.06000000e-03  3.00000000e+00 
 4.07000000e-03  3.00000000e+00 
 4.08000000e-03  3.00000000e+00 
 4.09000000e-03  3.00000000e+00 
 4.10000000e-03  3.00000000e+00 
 4.11000000e-03  3.00000000e+00 
 4.12000000e-03  3.00000000e+00 
 4.13000000e-03  3.00000000e+00 
 4.14000000e-03  3.00000000e+00 
 4.15000000e-03  3.00000000e+00 
 4.16000000e-03  3.00000000e+00 
 4.17000000e-03  3.00000000e+00 
 4.18000000e-03  3.00000000e+00 
 4.19000000e-03  3.00000000e+00 
 4.20000000e-03  3.00000000e+00 
 4.21000000e-03  3.00000000e+00 
 4.22000000e-03  3.00000000e+00 
 4.23000000e-03  3.00000000e+00 
 4.24000000e-03  3.00000000e+00 
 4.25000000e-03  3.00000000e+00 
 4.26000000e-03  3.00000000e+00 
 4.27000000e-03  3.00000000e+00 
 4.28000000e-03  3.00000000e+00 
 4.29000000e-03  3.00000000e+00 
 4.30000000e-03  3.00000000e+00 
 4.31000000e-03  3.00000000e+00 
 4.32000000e-03  3.00000000e+00 
 4.33000000e-03  3.00000000e+00 
 4.34000000e-03  3.00000000e+00 
 4.35000000e-03  3.00000000e+00 
 4.36000000e-03  3.00000000e+00 
 4.37000000e-03  3.00000000e+00 
 4.38000000e-03  3.00000000e+00 
 4.39000000e-03  3.00000000e+00 
 4.40000000e-03  3.00000000e+00 
 4.41000000e-03  3.00000000e+00 
 4.42000000e-03  3.00000000e+00 
 4.43000000e-03  3.00000000e+00 
 4.44000000e-03  3.00000000e+00 
 4.45000000e-03  3.00000000e+00 
 4.46000000e-03  3.00000000e+00 
 4.47000000e-03  3.00000000e+00 
 4.48000000e-03  3.00000000e+00 
 4.49000000e-03  3.00000000e+00 
 4.50000000e-03  3.00000000e+00 
 4.51000000e-03  3.00000000e+00 
 4.52000000e-03  3.00000000e+00 
 4.53000000e-03  3.00000000e+00 
 4.54000000e-03  3.00000000e+00 
 4.55000000e-03  3.00000000e+00 
 4.56000000e-03  3.00000000e+00 
 4.57000000e-03  3.00000000e+00 
 4.58000000e-03  3.00000000e+00 
 4.59000000e-03  3.00000000e+00 
 4.60000000e-03  3.00000000e+00 
 4.61000000e-03  3.00000000e+00 
 4.62000000e-03  3.00000000e+00 
 4.63000000e-03  3.00000000e+00 
 4.64000000e-03  3.00000000e+00 
 4.65000000e-03  3.00000000e+00 
 4.66000000e-03  3.00000000e+00 
 4.67000000e-03  3.00000000e+00 
 4.68000000e-03  3.00000000e+00 
 4.69000000e-03  3.00000000e+00 
 4.70000000e-03  3.00000000e+00 
 4.71000000e-03  3.00000000e+00 
 4.72000000e-03  3.00000000e+00 
 4.73000000e-03  3.00000000e+00 
 4.74000000e-03  3.00000000e+00 
 4.75000000e-03  3.00000000e+00 
 4.76000000e-03  3.00000000e+00 
 4.77000000e-03  3.00000000e+00 
 4.78000000e-03  3.00000000e+00 
 4.79000000e-03  3.00000000e+00 
 4.80000000e-03  3.00000000e+00 
 4.81000000e-03  3.00000000e+00 
 4.82000000e-03  3.00000000e+00 
 4.83000000e-03  3.00000000e+00 
 4.84000000e-03  3.00000000e+00 
 4.85000000e-03  3.00000000e+00 
 4.86000000e-03  3.00000000e+00 
 4.87000000e-03  3.00000000e+00 
 4.88000000e-03  3.00000000e+00 
 4.89000000e-03  3.00000000e+00 
 4.90000000e-03  3.00000000e+00 
 4.91000000e-03  3.00000000e+00 
 4.92000000e-03  3.00000000e+00 
 4.93000000e-03  3.00000000e+00 
 4.94000000e-03  3.00000000e+00 
 4.95000000e-03  3.00000000e+00 
 4.96000000e-03  3.00000000e+00 
 4.97000000e-03  3.00000000e+00 
 4.98000000e-03  3.00000000e+00 
 4.99000000e-03  3.00000000e+00 
 5.00000000e-03  4.00000000e+00 
 5.01000000e-03  4.00000000e+00 
 5.02000000e-03  4.00000000e+00 
 5.03000000e-03  4.00000000e+00 
 5.04000000e-03  4.00000000e+00 
 5.05000000e-03  4.00000000e+00 
 5.06000000e-03  4.00000000e+00 
 5.07000000e-03  4.00000000e+00 
 5.08000000e-03  4.00000000e+00 
 5.09000000e-03  4.00000000e+00 
 5.10000000e-03  4.00000000e+00 
 5.11000000e-03  4.00000000e+00 
 5.12000000e-03  4.00000000e+00 
 5.13000000e-03  4.00000000e+00 
 5.14000000e-03  4.00000000e+00 
 5.15000000e-03  4.00000000e+00 
 5.16000000e-03  4.00000000e+00 
 5.17000000e-03  4.00000000e+00 
 5.18000000e-03  4.00000000e+00 
 5.19000000e-03  4.00000000e+00 
 5.20000000e-03  4.00000000e+00 
 5.21000000e-03  4.00000000e+00 
 5.22000000e-03  4.00000000e+00 
 5.23000000e-03  4.00000000e+00 
 5.24000000e-03  4.00000000e+00 
 5.25000000e-03  4.00000000e+00 
 5.26000000e-03  4.00000000e+00 
 5.27000000e-03  4.00000000e+00 
 5.28000000e-03  4.00000000e+00 
 5.29000000e-03  4.00000000e+00 
 5.30000000e-03  4.00000000e+00 
 5.31000000e-03  4.00000000e+00 
 5.32000000e-03  4.00000000e+00 
 5.33000000e-03  4.00000000e+00 
 5.34000000e-03  4.00000000e+00 
 5.35000000e-03  4.00000000e+00 
 5.36000000e-03  4.00000000e+00 
 5.37000000e-03  4.00000000e+00 
 5.38000000e-03  4.00000000e+00 
 5.39000000e-03  4.00000000e+00 
 5.40000000e-03  4.00000000e+00 
 5.41000000e-03  4.00000000e+00 
 5.42000000e-03  4.00000000e+00 
 5.43000000e-03  4.00000000e+00 
 5.44000000e-03  4.00000000e+00 
 5.45000000e-03  4.00000000e+00 
 5.46000000e-03  4.00000000e+00 
 5.47000000e-03  4.00000000e+00 
 5.48000000e-03  4.00000000e+00 
 5.49000000e-03  4.00000000e+00 
 5.50000000e-03  4.00000000e+00 
 5.51000000e-03  4.00000000e+00 
 5.52000000e-03  4.00000000e+00 
 5.53000000e-03  4.00000000e+00 
 5.54000000e-03  4.00000000e+00 
 5.55000000e-03  4.00000000e+00 
 5.56000000e-03  4.00000000e+00 
 5.57000000e-03  4.00000000e+00 
 5.58000000e-03  4.00000000e+00 
 5.59000000e-03  4.00000000e+00 
 5.60000000e-03  4.00000000e+00 
 5.61000000e-03  4.00000000e+00 
 5.62000000e-03  4.00000000e+00 
 5.63000000e-03  4.00000000e+00 
 5.64000000e-03  4.00000000e+00 
 5.65000000e-03  4.00000000e+00 
 5.66000000e-03  4.00000000e+00 
 5.67000000e-03  4.00000000e+00 
 5.68000000e-03  4.00000000e+00 
 5.69000000e-03  4.00000000e+00 
 5.70000000e-03  4.00000000e+00 
 5.71000000e-03  4.00000000e+00 
 5.72000000e-03  4.00000000e+00 
 5.73000000e-03  4.00000000e+00 
 5.74000000e-03  4.00000000e+00 
 5.75000000e-03  4.00000000e+00 
 5.76000000e-03  4.00000000e+00 
 5.77000000e-03  4.00000000e+00 
 5.78000000e-03  4.00000000e+00 
 5.79000000e-03  4.00000000e+00 
 5.80000000e-03  4.00000000e+00 
 5.81000000e-03  4.00000000e+00 
 5.82000000e-03  4.00000000e+00 
 5.83000000e-03  4.00000000e+00 
 5.84000000e-03  4.00000000e+00 
 5.85000000e-03  4.00000000e+00 
 5.86000000e-03  4.00000000e+00 
 5.87000000e-03  4.00000000e+00 
 5.88000000e-03  4.00000000e+00 
 5.89000000e-03  4.00000000e+00 
 5.90000000e-03  4.00000000e+00 
 5.91000000e-03  4.00000000e+00 
 5.92000000e-03  4.00000000e+00 
 5.93000000e-03  4.00000000e+00 
 5.94000000e-03  4.00000000e+00 
 5.95000000e-03  4.00000000e+00 
 5.96000000e-03  4.00000000e+00 
 5.97000000e-03  4.00000000e+00 
 5.98000000e-03  4.00000000e+00 
 5.99000000e-03  4.00000000e+00 
 6.00000000e-03  5.00000000e+00 
 6.01000000e-03  5.00000000e+00 
 6.02000000e-03  5.00000000e+00 
 6.03000000e-03  5.00000000e+00 
 6.04000000e-03  5.00000000e+00 
 6.05000000e-03  5.00000000e+00 
 6.06000000e-03  5.00000000e+00 
 6.07000000e-03  5.00000000e+00 
 6.08000000e-03  5.00000000e+00 
 6.09000000e-03  5.00000000e+00 
 6.10000000e-03  5.00000000e+00 
 6.11000000e-03  5.00000000e+00 
 6.12000000e-03  5.00000000e+00 
 6.13000000e-03  5.00000000e+00 
 6.14000000e-03  5.00000000e+00 
 6.15000000e-03  5.00000000e+00 
 6.16000000e-03  5.00000000e+00 
 6.17000000e-03  5.00000000e+00 
 6.18000000e-03  5.00000000e+00 
 6.19000000e-03  5.00000000e+00 
 6.20000000e-03  5.00000000e+00 
 6.21000000e-03  5.00000000e+00 
 6.22000000e-03  5.00000000e+00 
 6.23000000e-03  5.00000000e+00 
 6.24000000e-03  5.00000000e+00 
 6.25000000e-03  5.00000000e+00 
 6.26000000e-03  5.00000000e+00 
 6.27000000e-03  5.00000000e+00 
 6.28000000e-03  5.00000000e+00 
 6.29000000e-03  5.00000000e+00 
 6.30000000e-03  5.00000000e+00 
 6.31000000e-03  5.00000000e+00 
 6.32000000e-03  5.00000000e+00 
 6.33000000e-03  5.00000000e+00 
 6.34000000e-03  5.00000000e+00 
 6.35000000e-03  5.00000000e+00 
 6.36000000e-03  5.00000000e+00 
 6.37000000e-03  5.00000000e+00 
 6.38000000e-03  5.00000000e+00 
 6.39000000e-03  5.00000000e+00 
 6.40000000e-03  5.00000000e+00 
 6.41000000e-03  5.00000000e+00 
 6.42000000e-03  5.00000000e+00 
 6.43000000e-03  5.00000000e+00 
 6.44000000e-03  5.00000000e+00 
 6.45000000e-03  5.00000000e+00 
 6.46000000e-03  5.00000000e+00 
 6.47000000e-03  5.00000000e+00 
 6.48000000e-03  5.00000000e+00 
 6.49000000e-03  5.00000000e+00 
 6.50000000e-03  5.00000000e+00 
 6.51000000e-03  5.00000000e+00 
 6.52000000e-03  5.00000000e+00 
 6.53000000e-03  5.00000000e+00 
 6.54000000e-03  5.00000000e+00 
 6.55000000e-03  5.00000000e+00 
 6.56000000e-03  5.00000000e+00 
 6.57000000e-03  5.00000000e+00 
 6.58000000e-03  5.00000000e+00 
 6.59000000e-03  5.00000000e+00 
 6.60000000e-03  5.00000000e+00 
 6.61000000e-03  5.00000000e+00 
 6.62000000e-03  5.00000000e+00 
 6.63000000e-03  5.00000000e+00 
 6.64000000e-03  5.00000000e+00 
 6.65000000e-03  5.00000000e+00 
 6.66000000e-03  5.00000000e+00 
 6.67000000e-03  5.00000000e+00 
 6.68000000e-03  5.00000000e+00 
 6.69000000e-03  5.00000000e+00 
 6.70000000e-03  5.00000000e+00 
 6.71000000e-03  5.00000000e+00 
 6.72000000e-03  5.00000000e+00 
 6.73000000e-03  5.00000000e+00 
 6.74000000e-03  5.00000000e+00 
 6.75000000e-03  5.00000000e+00 
 6.76000000e-03  5.00000000e+00 
 6.77000000e-03  5.00000000e+00 
 6.78000000e-03  5.00000000e+00 
 6.79000000e-03  5.00000000e+00 
 6.80000000e-03  5.00000000e+00 
 6.81000000e-03  5.00000000e+00 
 6.82000000e-03  5.00000000e+00 
 6.83000000e-03  5.00000000e+00 
 6.84000000e-03  5.00000000e+00 
 6.85000000e-03  5.00000000e+00 
 6.86000000e-03  5.00000000e+00 
 6.87000000e-03  5.00000000e+00 
 6.88000000e-03  5.00000000e+00 
 6.89000000e-03  5.00000000e+00 
 6.90000000e-03  5.00000000e+00 
 6.91000000e-03  5.00000000e+00 
 6.92000000e-03  5.00000000e+00 
 6.93000000e-03  5.00000000e+00 
 6.94000000e-03  5.00000000e+00 
 6.95000000e-03  5.00000000e+00 
 6.96000000e-03  5.00000000e+00 
 6.97000000e-03  5.00000000e+00 
 6.98000000e-03  5.00000000e+00 
 6.99000000e-03  5.00000000e+00 
 6.99500000e-03  5.00000000e+00 
 6.99750000e-03  5.00000000e+00 
 6.99875000e-03  5.00000000e+00 
 6.99937500e-03  5.00000000e+00 
 6.99968750e-03  5.00000000e+00 
 6.99984375e-03  5.00000000e+00 
 6.99992187e-03  5.00000000e+00 
 6.99996094e-03  5.00000000e+00 
 6.99998047e-03  5.00000000e+00 
 6.99999023e-03  5.00000000e+00 
 6.99999512e-03  5.00000000e+00 
 6.99999756e-03  5.00000000e+00 
 6.99999878e-03  5.00000000e+00 
 6.99999939e-03  5.00000000e+00 
 6.99999969e-03  5.00000000e+00 
 6.99999985e-03  5.00000000e+00 
 6.99999992e-03  5.00000000e+00 
 6.99999996e-03  5.00000000e+00 
 6.99999998e-03  5.00000000e+00 
 6.99999999e-03  5.00000000e+00 
 7.00000000e-03  5.00000000e+00 
 7.00000000e-03  5.00000000e+00 
 7.00000000e-03  5.00000000e+00 
 7.00000000e-03  5.00000000e+00 
 7.00000000e-03  5.00000000e+00 
 7.00000000e-03  5.00000000e+00 
 7.00000000e-03  5.00000000e+00 
 7.00000000e-03  5.00000000e+00 
 7.00000000e-03  5.00000000e+00 
 7.00000000e-03  5.00000000e+00 
 7.00000000e-03  6.00000000e+00 
 7.00000000e-03  6.00000000e+00 
