0.000000e+00 0.000000e+00 0.000000e+00
1.000000e-08 1.000000e-08 6.216883e-04
1.084786e-08 1.084786e-08 6.788576e-04
1.254359e-08 1.254359e-08 8.021010e-04
1.593504e-08 1.593504e-08 1.101878e-03
2.271795e-08 2.271795e-08 1.913105e-03
3.628377e-08 3.628377e-08 4.368405e-03
6.341540e-08 6.341540e-08 1.246938e-02
1.176787e-07 1.176787e-07 3.985890e-02
2.262052e-07 2.262052e-07 1.213348e-01
3.583207e-07 3.583207e-07 2.157298e-01
5.143374e-07 5.143374e-07 2.342384e-01
6.758642e-07 6.758642e-07 1.257408e-01
8.145377e-07 8.145377e-07 -8.080665e-03
9.317812e-07 9.317812e-07 -8.108611e-02
1.049246e-06 1.049246e-06 -7.825394e-02
1.172808e-06 1.172808e-06 4.671753e-05
1.290973e-06 1.290973e-06 1.033419e-01
1.422868e-06 1.422868e-06 1.792066e-01
1.562394e-06 1.562394e-06 1.612991e-01
1.735886e-06 1.735886e-06 2.554325e-02
1.868366e-06 1.868366e-06 -8.523229e-02
1.983717e-06 1.983717e-06 -1.216382e-01
2.111771e-06 2.111771e-06 -7.427457e-02
2.251530e-06 2.251530e-06 4.293090e-02
2.372790e-06 2.372790e-06 1.361626e-01
2.507657e-06 2.507657e-06 1.612073e-01
2.648299e-06 2.648299e-06 8.412756e-02
2.776881e-06 2.776881e-06 -3.407293e-02
2.894714e-06 2.894714e-06 -1.193079e-01
3.017776e-06 3.017776e-06 -1.346253e-01
3.159469e-06 3.159469e-06 -5.369656e-02
3.284721e-06 3.284721e-06 5.982642e-02
3.404542e-06 3.404542e-06 1.401527e-01
3.535421e-06 3.535421e-06 1.440489e-01
3.683156e-06 3.683156e-06 4.624076e-02
3.810409e-06 3.810409e-06 -6.947592e-02
3.930378e-06 3.930378e-06 -1.381482e-01
4.060334e-06 4.060334e-06 -1.245580e-01
4.218523e-06 4.218523e-06 -7.305106e-03
4.346273e-06 4.346273e-06 1.018281e-01
4.484196e-06 4.484196e-06 1.481508e-01
4.611857e-06 4.611857e-06 9.753818e-02
4.752057e-06 4.752057e-06 -2.308562e-02
4.874289e-06 4.874289e-06 -1.189256e-01
5.000089e-06 5.000089e-06 -1.468485e-01
5.138901e-06 5.138901e-06 -7.803012e-02
5.265402e-06 5.265402e-06 3.603660e-02
5.383463e-06 5.383463e-06 1.247618e-01
5.509447e-06 5.509447e-06 1.460761e-01
5.652154e-06 5.652154e-06 6.826123e-02
5.778828e-06 5.778828e-06 -4.711845e-02
5.895329e-06 5.895329e-06 -1.297220e-01
6.023796e-06 6.023796e-06 -1.419667e-01
6.167290e-06 6.167290e-06 -5.488141e-02
6.293717e-06 6.293717e-06 6.047635e-02
6.412866e-06 6.412866e-06 1.370604e-01
6.542701e-06 6.542701e-06 1.359219e-01
6.690763e-06 6.690763e-06 3.470351e-02
6.817394e-06 6.817394e-06 -7.918429e-02
6.940420e-06 6.940420e-06 -1.440271e-01
7.071491e-06 7.071491e-06 -1.220931e-01
7.239727e-06 7.239727e-06 7.976087e-03
7.368881e-06 7.368881e-06 1.120520e-01
7.505315e-06 7.505315e-06 1.424667e-01
7.633811e-06 7.633811e-06 7.826582e-02
7.760225e-06 7.760225e-06 -3.466569e-02
7.878740e-06 7.878740e-06 -1.252309e-01
8.005222e-06 8.005222e-06 -1.494409e-01
8.147913e-06 8.147913e-06 -7.399455e-02
8.275000e-06 8.275000e-06 4.173048e-02
8.392177e-06 8.392177e-06 1.264681e-01
8.518952e-06 8.518952e-06 1.416738e-01
8.661866e-06 8.661866e-06 5.812939e-02
8.788124e-06 8.788124e-06 -5.696471e-02
8.906564e-06 8.906564e-06 -1.358776e-01
9.036354e-06 9.036354e-06 -1.392741e-01
9.182699e-06 9.182699e-06 -4.266475e-02
9.309310e-06 9.309310e-06 7.215777e-02
9.430722e-06 9.430722e-06 1.413349e-01
9.561255e-06 9.561255e-06 1.268483e-01
9.721386e-06 9.721386e-06 7.274486e-03
9.849598e-06 9.849598e-06 -1.017027e-01
9.987678e-06 9.987678e-06 -1.459045e-01
1.011465e-05 1.011465e-05 -9.372520e-02
1.024986e-05 1.024986e-05 2.324014e-02
1.037114e-05 1.037114e-05 1.191524e-01
1.049626e-05 1.049626e-05 1.491373e-01
1.063632e-05 1.063632e-05 8.170278e-02
1.076417e-05 1.076417e-05 -3.336164e-02
1.088271e-05 1.088271e-05 -1.229617e-01
1.100795e-05 1.100795e-05 -1.451284e-01
1.115012e-05 1.115012e-05 -6.882776e-02
1.127661e-05 1.127661e-05 4.616210e-02
1.139330e-05 1.139330e-05 1.296858e-01
1.152173e-05 1.152173e-05 1.433116e-01
1.166521e-05 1.166521e-05 5.735686e-02
1.179176e-05 1.179176e-05 -5.820727e-02
1.191027e-05 1.191027e-05 -1.356150e-01
1.203986e-05 1.203986e-05 -1.365492e-01
1.218647e-05 1.218647e-05 -3.804380e-02
1.231289e-05 1.231289e-05 7.613018e-02
1.243544e-05 1.243544e-05 1.434118e-01
1.256635e-05 1.256635e-05 1.251596e-01
1.273072e-05 1.273072e-05 1.203353e-05
1.285952e-05 1.285952e-05 -1.067880e-01
1.299685e-05 1.299685e-05 -1.439655e-01
1.312442e-05 1.312442e-05 -8.564358e-02
1.325345e-05 1.325345e-05 2.802812e-02
1.337312e-05 1.337312e-05 1.216924e-01
1.349844e-05 1.349844e-05 1.501050e-01
1.364012e-05 1.364012e-05 7.988940e-02
1.376736e-05 1.376736e-05 -3.524460e-02
1.388546e-05 1.388546e-05 -1.234927e-01
1.401079e-05 1.401079e-05 -1.438016e-01
1.415321e-05 1.415321e-05 -6.562524e-02
1.427957e-05 1.427957e-05 4.935310e-02
1.439583e-05 1.439583e-05 1.313644e-01
1.452514e-05 1.452514e-05 1.428251e-01
1.466893e-05 1.466893e-05 5.455443e-02
1.479551e-05 1.479551e-05 -6.101280e-02
1.491459e-05 1.491459e-05 -1.367936e-01
1.504434e-05 1.504434e-05 -1.345188e-01
1.519310e-05 1.519310e-05 -3.200052e-02
1.531976e-05 1.531976e-05 8.152764e-02
1.544334e-05 1.544334e-05 1.450176e-01
1.557464e-05 1.557464e-05 1.207771e-01
1.574563e-05 1.574563e-05 -1.257442e-02
1.587500e-05 1.587500e-05 -1.147430e-01
1.601094e-05 1.601094e-05 -1.407682e-01
1.613975e-05 1.613975e-05 -7.301851e-02
1.626564e-05 1.626564e-05 4.013026e-02
1.638350e-05 1.638350e-05 1.282410e-01
1.651132e-05 1.651132e-05 1.487128e-01
1.665453e-05 1.665453e-05 6.893500e-02
1.678161e-05 1.678161e-05 -4.718532e-02
1.689797e-05 1.689797e-05 -1.287760e-01
1.702600e-05 1.702600e-05 -1.394781e-01
1.716935e-05 1.716935e-05 -5.146810e-02
1.729551e-05 1.729551e-05 6.344458e-02
1.741563e-05 1.741563e-05 1.392626e-01
1.754585e-05 1.754585e-05 1.357767e-01
1.769640e-05 1.769640e-05 3.080701e-02
1.782349e-05 1.782349e-05 -8.275648e-02
1.794686e-05 1.794686e-05 -1.441998e-01
1.807808e-05 1.807808e-05 -1.176102e-01
1.825141e-05 1.825141e-05 1.847598e-02
1.838080e-05 1.838080e-05 1.183633e-01
1.851604e-05 1.851604e-05 1.401206e-01
1.864574e-05 1.864574e-05 6.863319e-02
1.877129e-05 1.877129e-05 -4.485467e-02
1.888851e-05 1.888851e-05 -1.304455e-01
1.901735e-05 1.901735e-05 -1.470863e-01
1.916099e-05 1.916099e-05 -6.328520e-02
1.928797e-05 1.928797e-05 5.288287e-02
1.940462e-05 1.940462e-05 1.316899e-01
1.953362e-05 1.953362e-05 1.372053e-01
1.967814e-05 1.967814e-05 4.394793e-02
1.980429e-05 1.980429e-05 -7.056696e-02
1.992596e-05 1.992596e-05 -1.422444e-01
2.005665e-05 2.005665e-05 -1.309368e-01
2.021436e-05 2.021436e-05 -1.505571e-02
2.034240e-05 2.034240e-05 9.572496e-02
2.048146e-05 2.048146e-05 1.451955e-01
2.060699e-05 2.060699e-05 9.813276e-02
2.075415e-05 2.075415e-05 -2.651102e-02
2.087754e-05 2.087754e-05 -1.219528e-01
2.100567e-05 2.100567e-05 -1.470116e-01
2.114339e-05 2.114339e-05 -7.526860e-02
2.126986e-05 2.126986e-05 3.931631e-02
2.138748e-05 2.138748e-05 1.261396e-01
2.151409e-05 2.151409e-05 1.445258e-01
2.165703e-05 2.165703e-05 6.370933e-02
2.178357e-05 2.178357e-05 -5.170325e-02
2.189992e-05 2.189992e-05 -1.321107e-01
2.202939e-05 2.202939e-05 -1.406455e-01
2.217360e-05 2.217360e-05 -4.972673e-02
2.230003e-05 2.230003e-05 6.546795e-02
2.242023e-05 2.242023e-05 1.392017e-01
2.255040e-05 2.255040e-05 1.325218e-01
2.270330e-05 2.270330e-05 2.359948e-02
2.283062e-05 2.283062e-05 -8.885501e-02
2.295532e-05 2.295532e-05 -1.460062e-01
2.308704e-05 2.308704e-05 -1.129505e-01
2.326892e-05 2.326892e-05 3.200276e-02
2.339843e-05 2.339843e-05 1.247273e-01
2.353227e-05 2.353227e-05 1.338163e-01
2.366262e-05 2.366262e-05 5.292624e-02
2.378695e-05 2.378695e-05 -6.014862e-02
2.390866e-05 2.390866e-05 -1.402197e-01
2.403860e-05 2.403860e-05 -1.415805e-01
2.418761e-05 2.418761e-05 -4.121486e-02
2.431482e-05 2.431482e-05 7.388838e-02
2.443585e-05 2.443585e-05 1.402330e-01
2.456624e-05 2.456624e-05 1.223306e-01
2.472911e-05 2.472911e-05 -1.189016e-03
2.485754e-05 2.485754e-05 -1.079533e-01
2.499458e-05 2.499458e-05 -1.463265e-01
2.512308e-05 2.512308e-05 -8.854090e-02
2.525312e-05 2.525312e-05 2.595259e-02
2.537310e-05 2.537310e-05 1.200928e-01
2.549771e-05 2.549771e-05 1.488132e-01
2.563901e-05 2.563901e-05 7.953923e-02
2.576629e-05 2.576629e-05 -3.535598e-02
2.588446e-05 2.588446e-05 -1.239453e-01
2.601007e-05 2.601007e-05 -1.447915e-01
2.615251e-05 2.615251e-05 -6.693648e-02
2.627900e-05 2.627900e-05 4.819279e-02
2.639539e-05 2.639539e-05 1.305776e-01
2.652430e-05 2.652430e-05 1.425488e-01
2.666795e-05 2.666795e-05 5.495212e-02
2.679447e-05 2.679447e-05 -6.053866e-02
2.691351e-05 2.691351e-05 -1.367858e-01
2.704328e-05 2.704328e-05 -1.352541e-01
2.719152e-05 2.719152e-05 -3.365768e-02
2.731813e-05 2.731813e-05 8.007744e-02
2.744140e-05 2.744140e-05 1.444954e-01
2.757257e-05 2.757257e-05 1.217585e-01
2.774179e-05 2.774179e-05 -9.495994e-03
2.787104e-05 2.787104e-05 -1.129405e-01
2.800732e-05 2.800732e-05 -1.418143e-01
2.813589e-05 2.813589e-05 -7.637777e-02
2.826210e-05 2.826210e-05 3.662771e-02
2.838039e-05 2.838039e-05 1.263421e-01
2.850736e-05 2.850736e-05 1.492552e-01
2.865024e-05 2.865024e-05 7.226917e-02
2.877733e-05 2.877733e-05 -4.362727e-02
2.889423e-05 2.889423e-05 -1.272746e-01
2.902143e-05 2.902143e-05 -1.409062e-01
2.916449e-05 2.916449e-05 -5.578624e-02
2.929070e-05 2.929070e-05 5.926648e-02
2.940985e-05 2.940985e-05 1.371690e-01
2.953976e-05 2.953976e-05 1.380881e-01
2.968695e-05 2.968695e-05 3.896371e-02
2.981360e-05 2.981360e-05 -7.547840e-02
2.993571e-05 2.993571e-05 -1.424163e-01
3.006645e-05 3.006645e-05 -1.241770e-01
3.023046e-05 3.023046e-05 5.976827e-04
3.035916e-05 3.035916e-05 1.073184e-01
3.049637e-05 3.049637e-05 1.446841e-01
3.062427e-05 3.062427e-05 8.635701e-02
3.075352e-05 3.075352e-05 -2.754031e-02
3.087325e-05 3.087325e-05 -1.212748e-01
3.099837e-05 3.099837e-05 -1.496857e-01
3.113996e-05 3.113996e-05 -7.963843e-02
3.126716e-05 3.126716e-05 3.540234e-02
3.138526e-05 3.138526e-05 1.236911e-01
3.151070e-05 3.151070e-05 1.440841e-01
3.165314e-05 3.165314e-05 6.591004e-02
3.177955e-05 3.177955e-05 -4.912260e-02
3.189583e-05 3.189583e-05 -1.311772e-01
3.202504e-05 3.202504e-05 -1.426916e-01
3.216880e-05 3.216880e-05 -5.452656e-02
3.229536e-05 3.229536e-05 6.101151e-02
3.241446e-05 3.241446e-05 1.368620e-01
3.254423e-05 3.254423e-05 1.346619e-01
3.269296e-05 3.269296e-05 3.220980e-02
3.281962e-05 3.281962e-05 -8.135099e-02
3.294316e-05 3.294316e-05 -1.449210e-01
3.307443e-05 3.307443e-05 -1.208344e-01
3.324522e-05 3.324522e-05 1.228785e-02
3.337458e-05 3.337458e-05 1.145878e-01
3.351055e-05 3.351055e-05 1.409120e-01
3.363935e-05 3.363935e-05 7.339354e-02
3.376528e-05 3.376528e-05 -3.974913e-02
3.388318e-05 3.388318e-05 -1.280289e-01
3.401091e-05 3.401091e-05 -1.487551e-01
3.415408e-05 3.415408e-05 -6.927113e-02
3.428116e-05 3.428116e-05 4.682566e-02
3.439757e-05 3.439757e-05 1.286336e-01
3.452553e-05 3.452553e-05 1.396439e-01
3.466884e-05 3.466884e-05 5.193002e-02
3.479501e-05 3.479501e-05 -6.300445e-02
3.491503e-05 3.491503e-05 -1.390446e-01
3.504522e-05 3.504522e-05 -1.360208e-01
3.519535e-05 3.519535e-05 -3.170706e-02
3.532237e-05 3.532237e-05 8.196531e-02
3.544562e-05 3.544562e-05 1.440464e-01
3.557679e-05 3.557679e-05 1.183802e-01
3.574903e-05 3.574903e-05 -1.647002e-02
3.587837e-05 3.587837e-05 -1.172454e-01
3.601384e-05 3.601384e-05 -1.407573e-01
3.614335e-05 3.614335e-05 -7.068556e-02
3.626908e-05 3.626908e-05 4.275175e-02
3.638657e-05 3.638657e-05 1.293773e-01
3.651490e-05 3.651490e-05 1.475650e-01
3.665833e-05 3.665833e-05 6.543804e-02
3.678532e-05 3.678532e-05 -5.068797e-02
3.690115e-05 3.690115e-05 -1.303937e-01
3.703011e-05 3.703011e-05 -1.384544e-01
3.717380e-05 3.717380e-05 -4.779828e-02
3.729995e-05 3.729995e-05 6.696878e-02
3.742085e-05 3.742085e-05 1.407492e-01
3.755129e-05 3.755129e-05 1.333338e-01
3.770533e-05 3.770533e-05 2.290022e-02
3.783295e-05 3.783295e-05 -8.950031e-02
3.795748e-05 3.795748e-05 -1.453155e-01
3.808913e-05 3.808913e-05 -1.108606e-01
3.827274e-05 3.827274e-05 3.567614e-02
3.840212e-05 3.840212e-05 1.265388e-01
3.853701e-05 3.853701e-05 1.324409e-01
3.866701e-05 3.866701e-05 4.928367e-02
3.879115e-05 3.879115e-05 -6.364688e-02
3.891400e-05 3.891400e-05 -1.420002e-01
3.904405e-05 3.904405e-05 -1.393843e-01
3.919588e-05 3.919588e-05 -3.391407e-02
3.932344e-05 3.932344e-05 8.036061e-02
3.944564e-05 3.944564e-05 1.419500e-01
3.957648e-05 3.957648e-05 1.167012e-01
3.974751e-05 3.974751e-05 -1.687022e-02
3.987664e-05 3.987664e-05 -1.179087e-01
4.001198e-05 4.001198e-05 -1.425467e-01
4.014212e-05 4.014212e-05 -7.294324e-02
4.026812e-05 4.026812e-05 4.074618e-02
4.038581e-05 4.038581e-05 1.279747e-01
4.051344e-05 4.051344e-05 1.470010e-01
4.065664e-05 4.065664e-05 6.607543e-02
4.078352e-05 4.078352e-05 -4.982957e-02
4.089953e-05 4.089953e-05 -1.303335e-01
4.102841e-05 4.102841e-05 -1.395338e-01
4.117206e-05 4.117206e-05 -4.980121e-02
4.129829e-05 4.129829e-05 6.516411e-02
4.141869e-05 4.141869e-05 1.397123e-01
4.154896e-05 4.154896e-05 1.340095e-01
4.170131e-05 4.170131e-05 2.611048e-02
4.182863e-05 4.182863e-05 -8.677776e-02
4.195278e-05 4.195278e-05 -1.451820e-01
4.208430e-05 4.208430e-05 -1.141315e-01
4.226332e-05 4.226332e-05 2.800004e-02
4.239282e-05 4.239282e-05 1.231207e-01
4.252698e-05 4.252698e-05 1.362429e-01
4.265733e-05 4.265733e-05 5.814197e-02
4.278206e-05 4.278206e-05 -5.522807e-02
4.290171e-05 4.290171e-05 -1.369895e-01
4.303154e-05 4.303154e-05 -1.435845e-01
4.317840e-05 4.317840e-05 -4.887437e-02
4.330545e-05 4.330545e-05 6.689493e-02
4.342514e-05 4.342514e-05 1.380041e-01
4.355509e-05 4.355509e-05 1.281147e-01
4.371004e-05 4.371004e-05 1.564813e-02
4.383739e-05 4.383739e-05 -9.527798e-02
4.397630e-05 4.397630e-05 -1.479331e-01
4.410261e-05 4.410261e-05 -1.034686e-01
4.425747e-05 4.425747e-05 2.637810e-02
4.438230e-05 4.438230e-05 1.215536e-01
4.451109e-05 4.451109e-05 1.434063e-01
4.464710e-05 4.464710e-05 6.988839e-02
4.477298e-05 4.477298e-05 -4.424752e-02
4.489005e-05 4.489005e-05 -1.293107e-01
4.501825e-05 4.501825e-05 -1.452252e-01
4.516174e-05 4.516174e-05 -6.121223e-02
4.528848e-05 4.528848e-05 5.460864e-02
4.540586e-05 4.540586e-05 1.332883e-01
4.553513e-05 4.553513e-05 1.376640e-01
4.568040e-05 4.568040e-05 4.285408e-02
4.580670e-05 4.580670e-05 -7.171607e-02
4.592842e-05 4.592842e-05 -1.421966e-01
4.605910e-05 4.605910e-05 -1.291618e-01
4.621827e-05 4.621827e-05 -1.111554e-02
4.634644e-05 4.634644e-05 9.875964e-02
4.648502e-05 4.648502e-05 1.453162e-01
4.661119e-05 4.661119e-05 9.547999e-02
4.675175e-05 4.675175e-05 -2.495020e-02
4.687397e-05 4.687397e-05 -1.206502e-01
4.700056e-05 4.700056e-05 -1.484421e-01
4.713960e-05 4.713960e-05 -7.893329e-02
4.726633e-05 4.726633e-05 3.556712e-02
4.738441e-05 4.738441e-05 1.240771e-01
4.751002e-05 4.751002e-05 1.449390e-01
4.765261e-05 4.765261e-05 6.698433e-02
4.777913e-05 4.777913e-05 -4.819131e-02
4.789552e-05 4.789552e-05 -1.305287e-01
4.802440e-05 4.802440e-05 -1.424264e-01
4.816804e-05 4.816804e-05 -5.478895e-02
4.829455e-05 4.829455e-05 6.067948e-02
4.841364e-05 4.841364e-05 1.368930e-01
4.854343e-05 4.854343e-05 1.352521e-01
4.869178e-05 4.869178e-05 3.347898e-02
4.881841e-05 4.881841e-05 -8.024397e-02
4.894170e-05 4.894170e-05 -1.445045e-01
4.907288e-05 4.907288e-05 -1.215502e-01
4.924233e-05 4.924233e-05 9.985010e-03
4.937159e-05 4.937159e-05 1.132452e-01
4.950781e-05 4.950781e-05 1.417184e-01
4.963644e-05 4.963644e-05 7.593977e-02
4.976262e-05 4.976262e-05 -3.709897e-02
4.988084e-05 4.988084e-05 -1.265889e-01
5.000792e-05 5.000792e-05 -1.491558e-01
5.015084e-05 5.015084e-05 -7.177898e-02
5.027793e-05 5.027793e-05 4.414786e-02
5.039475e-05 5.039475e-05 1.275078e-01
5.052207e-05 5.052207e-05 1.407286e-01
5.066517e-05 5.066517e-05 5.519226e-02
5.079139e-05 5.079139e-05 -5.985058e-02
5.091067e-05 5.091067e-05 -1.374640e-01
5.104062e-05 5.104062e-05 -1.377635e-01
5.118801e-05 5.118801e-05 -3.802769e-02
5.131466e-05 5.131466e-05 7.630414e-02
5.143695e-05 5.143695e-05 1.426745e-01
5.156774e-05 5.156774e-05 1.235013e-01
5.173276e-05 5.173276e-05 -2.568892e-03
5.186157e-05 5.186157e-05 -1.086528e-01
5.199857e-05 5.199857e-05 -1.442886e-01
5.212668e-05 5.212668e-05 -8.444458e-02
5.225506e-05 5.225506e-05 2.913411e-02
5.237448e-05 5.237448e-05 1.221361e-01
5.249984e-05 5.249984e-05 1.496312e-01
5.264172e-05 5.264172e-05 7.838054e-02
5.276875e-05 5.276875e-05 -3.671606e-02
5.288664e-05 5.288664e-05 -1.242827e-01
5.301233e-05 5.301233e-05 -1.436537e-01
5.315490e-05 5.315490e-05 -6.437307e-02
5.328128e-05 5.328128e-05 5.070606e-02
5.339733e-05 5.339733e-05 1.319050e-01
5.352695e-05 5.352695e-05 1.421879e-01
5.367085e-05 5.367085e-05 5.279517e-02
5.379740e-05 5.379740e-05 -6.267740e-02
5.391687e-05 5.391687e-05 -1.376185e-01
5.404676e-05 5.404676e-05 -1.335973e-01
5.419709e-05 5.419709e-05 -2.859336e-02
5.432397e-05 5.432397e-05 8.453891e-02
5.444805e-05 5.444805e-05 1.456121e-01
5.457954e-05 5.457954e-05 1.178642e-01
5.475466e-05 5.475466e-05 -2.016953e-02
5.488419e-05 5.488419e-05 -1.189763e-01
5.501928e-05 5.501928e-05 -1.383562e-01
5.514876e-05 5.514876e-05 -6.527351e-02
5.527398e-05 5.527398e-05 4.807199e-02
5.539082e-05 5.539082e-05 1.322972e-01
5.552058e-05 5.552058e-05 1.469134e-01
5.566458e-05 5.566458e-05 6.079394e-02
5.579162e-05 5.579162e-05 -5.548708e-02
5.590896e-05 5.590896e-05 -1.328748e-01
5.603802e-05 5.603802e-05 -1.352339e-01
5.618341e-05 5.618341e-05 -3.894905e-02
5.630952e-05 5.630952e-05 7.508539e-02
5.643224e-05 5.643224e-05 1.440987e-01
5.656326e-05 5.656326e-05 1.279749e-01
5.672586e-05 5.672586e-05 5.303173e-03
5.685454e-05 5.685454e-05 -1.029680e-01
5.699252e-05 5.699252e-05 -1.438192e-01
5.711916e-05 5.711916e-05 -8.895598e-02
5.724996e-05 5.724996e-05 2.513933e-02
5.737025e-05 5.737025e-05 1.203121e-01
5.749535e-05 5.749535e-05 1.507176e-01
5.763648e-05 5.763648e-05 8.292649e-02
5.776477e-05 5.776477e-05 -3.266866e-02
5.788339e-05 5.788339e-05 -1.222097e-01
5.800824e-05 5.800824e-05 -1.441095e-01
5.815024e-05 5.815024e-05 -6.788161e-02
5.827658e-05 5.827658e-05 4.689793e-02
5.839321e-05 5.839321e-05 1.303232e-01
5.852195e-05 5.852195e-05 1.438474e-01
5.866554e-05 5.866554e-05 5.759256e-02
5.879218e-05 5.879218e-05 -5.809074e-02
5.891056e-05 5.891056e-05 -1.353107e-01
5.904008e-05 5.904008e-05 -1.361024e-01
5.918660e-05 5.918660e-05 -3.760187e-02
5.931297e-05 5.931297e-05 7.648260e-02
5.943567e-05 5.943567e-05 1.437136e-01
5.956663e-05 5.956663e-05 1.252379e-01
5.973132e-05 5.973132e-05 -3.045957e-04
5.986018e-05 5.986018e-05 -1.069753e-01
5.999748e-05 5.999748e-05 -1.437008e-01
6.012502e-05 6.012502e-05 -8.502499e-02
6.025380e-05 6.025380e-05 2.851820e-02
6.037337e-05 6.037337e-05 1.219951e-01
6.049880e-05 6.049880e-05 1.501945e-01
6.064057e-05 6.064057e-05 7.965720e-02
6.076772e-05 6.076772e-05 -3.546526e-02
6.088577e-05 6.088577e-05 -1.235562e-01
6.101111e-05 6.101111e-05 -1.436567e-01
6.115356e-05 6.115356e-05 -6.526630e-02
6.127991e-05 6.127991e-05 4.971061e-02
6.139612e-05 6.139612e-05 1.315483e-01
6.152553e-05 6.152553e-05 1.427604e-01
6.166936e-05 6.166936e-05 5.422933e-02
6.179594e-05 6.179594e-05 -6.133311e-02
6.191508e-05 6.191508e-05 -1.369250e-01
6.204485e-05 6.204485e-05 -1.342839e-01
6.219392e-05 6.219392e-05 -3.126096e-02
6.232062e-05 6.232062e-05 8.218256e-02
6.244432e-05 6.244432e-05 1.451821e-01
6.257566e-05 6.257566e-05 1.202041e-01
6.274750e-05 6.274750e-05 -1.414465e-02
6.287693e-05 6.287693e-05 -1.156491e-01
6.301270e-05 6.301270e-05 -1.402825e-01
6.314164e-05 6.314164e-05 -7.140198e-02
6.326738e-05 6.326738e-05 4.180895e-02
6.338503e-05 6.338503e-05 1.291215e-01
6.351326e-05 6.351326e-05 1.483841e-01
6.365663e-05 6.365663e-05 6.726194e-02
6.378370e-05 6.378370e-05 -4.893094e-02
6.389978e-05 6.389978e-05 -1.294980e-01
6.402824e-05 6.402824e-05 -1.387574e-01
6.417174e-05 6.417174e-05 -4.935006e-02
6.429786e-05 6.429786e-05 6.545983e-02
6.441846e-05 6.441846e-05 1.402082e-01
6.454883e-05 6.454883e-05 1.345656e-01
6.470131e-05 6.470131e-05 2.655372e-02
6.482870e-05 6.482870e-05 -8.643143e-02
6.495268e-05 6.495268e-05 -1.448227e-01
6.508413e-05 6.508413e-05 -1.139223e-01
6.526286e-05 6.526286e-05 2.790450e-02
6.539233e-05 6.539233e-05 1.231781e-01
6.552649e-05 6.552649e-05 1.366330e-01
6.565695e-05 6.565695e-05 5.869336e-02
6.578173e-05 6.578173e-05 -5.473655e-02
6.590117e-05 6.590117e-05 -1.365936e-01
6.603096e-05 6.603096e-05 -1.436232e-01
6.617760e-05 6.617760e-05 -4.943132e-02
6.630463e-05 6.630463e-05 6.635542e-02
6.642423e-05 6.642423e-05 1.378649e-01
6.655417e-05 6.655417e-05 1.286380e-01
6.670852e-05 6.670852e-05 1.705961e-02
6.683581e-05 6.683581e-05 -9.414516e-02
6.697489e-05 6.697489e-05 -1.479135e-01
6.710098e-05 6.710098e-05 -1.045309e-01
6.725849e-05 6.725849e-05 2.690794e-02
6.738378e-05 6.738378e-05 1.219267e-01
6.751311e-05 6.751311e-05 1.426309e-01
6.764857e-05 6.764857e-05 6.833268e-02
6.777432e-05 6.777432e-05 -4.576144e-02
6.789120e-05 6.789120e-05 -1.301508e-01
6.801983e-05 6.801983e-05 -1.450759e-01
6.816348e-05 6.816348e-05 -5.994985e-02
6.829025e-05 6.829025e-05 5.591628e-02
6.840802e-05 6.840802e-05 1.339198e-01
6.853731e-05 6.853731e-05 1.367238e-01
6.868304e-05 6.868304e-05 4.038604e-02
6.880933e-05 6.880933e-05 -7.394202e-02
6.893156e-05 6.893156e-05 -1.430764e-01
6.906240e-05 6.906240e-05 -1.276449e-01
6.922400e-05 6.922400e-05 -6.228305e-03
6.935250e-05 6.935250e-05 1.023703e-01
6.949054e-05 6.949054e-05 1.446158e-01
6.961728e-05 6.961728e-05 9.087433e-02
6.974897e-05 6.974897e-05 -2.364680e-02
6.986954e-05 6.986954e-05 -1.193725e-01
6.999434e-05 6.999434e-05 -1.503691e-01
7.013519e-05 7.013519e-05 -8.351888e-02
7.026376e-05 7.026376e-05 3.210630e-02
7.038254e-05 7.038254e-05 1.220719e-01
7.050740e-05 7.050740e-05 1.445320e-01
7.064930e-05 7.064930e-05 6.887548e-02
7.077568e-05 7.077568e-05 -4.590465e-02
7.089244e-05 7.089244e-05 -1.297869e-01
7.102091e-05 7.102091e-05 -1.439678e-01
7.116440e-05 7.116440e-05 -5.842993e-02
7.129102e-05 7.129102e-05 5.723839e-02
7.140924e-05 7.140924e-05 1.349445e-01
7.153872e-05 7.153872e-05 1.367124e-01
7.168496e-05 7.168496e-05 3.913741e-02
7.181134e-05 7.181134e-05 -7.512612e-02
7.193372e-05 7.193372e-05 -1.432210e-01
7.206459e-05 7.206459e-05 -1.262244e-01
7.222770e-05 7.222770e-05 -2.755800e-03
7.235637e-05 7.235637e-05 1.048723e-01
7.249401e-05 7.249401e-05 1.443276e-01
7.262122e-05 7.262122e-05 8.804261e-02
7.275142e-05 7.275142e-05 -2.601708e-02
7.287149e-05 7.287149e-05 -1.206233e-01
7.299655e-05 7.299655e-05 -1.502214e-01
7.313786e-05 7.313786e-05 -8.154875e-02
7.326568e-05 7.326568e-05 3.379919e-02
7.338409e-05 7.338409e-05 1.228467e-01
7.350920e-05 7.350920e-05 1.441647e-01
7.365138e-05 7.365138e-05 6.715785e-02
7.377776e-05 7.377776e-05 -4.773927e-02
7.389426e-05 7.389426e-05 -1.306290e-01
7.402317e-05 7.402317e-05 -1.433624e-01
7.416682e-05 7.416682e-05 -5.636331e-02
7.429342e-05 7.429342e-05 5.926081e-02
7.441209e-05 7.441209e-05 1.359551e-01
7.454172e-05 7.454172e-05 1.355677e-01
7.468885e-05 7.468885e-05 3.570486e-02
7.481528e-05 7.481528e-05 -7.819087e-02
7.493830e-05 7.493830e-05 -1.441735e-01
7.506936e-05 7.506936e-05 -1.237246e-01
7.523616e-05 7.523616e-05 4.505720e-03
7.536522e-05 7.536522e-05 1.097670e-01
7.550206e-05 7.550206e-05 1.428552e-01
7.563007e-05 7.563007e-05 8.102419e-02
7.575711e-05 7.575711e-05 -3.187932e-02
7.587603e-05 7.587603e-05 -1.237963e-01
7.600199e-05 7.600199e-05 -1.500092e-01
7.614435e-05 7.614435e-05 -7.690111e-02
7.627148e-05 7.627148e-05 3.858352e-02
7.638909e-05 7.638909e-05 1.249805e-01
7.651511e-05 7.651511e-05 1.425891e-01
7.665778e-05 7.665778e-05 6.157200e-02
7.678407e-05 7.678407e-05 -5.348183e-02
7.690118e-05 7.690118e-05 -1.337969e-01
7.703092e-05 7.703092e-05 -1.411763e-01
7.717589e-05 7.717589e-05 -4.865550e-02
7.730248e-05 7.730248e-05 6.664390e-02
7.742273e-05 7.742273e-05 1.392118e-01
7.755288e-05 7.755288e-05 1.307842e-01
7.770714e-05 7.770714e-05 1.967160e-02
7.783459e-05 7.783459e-05 -9.207881e-02
7.795998e-05 7.795998e-05 -1.467489e-01
7.809193e-05 7.809193e-05 -1.101904e-01
7.827896e-05 7.827896e-05 3.945509e-02
7.840831e-05 7.840831e-05 1.274988e-01
7.854395e-05 7.854395e-05 1.285860e-01
7.867302e-05 7.867302e-05 4.279978e-02
7.879662e-05 7.879662e-05 -6.943620e-02
7.893513e-05 7.893513e-05 -1.481238e-01
7.905983e-05 7.905983e-05 -1.324564e-01
7.922960e-05 7.922960e-05 -5.400845e-03
7.935936e-05 7.935936e-05 1.027874e-01
7.948415e-05 7.948415e-05 1.419540e-01
7.961614e-05 7.961614e-05 8.925702e-02
7.975117e-05 7.975117e-05 -2.744048e-02
7.987221e-05 7.987221e-05 -1.224219e-01
7.999897e-05 7.999897e-05 -1.510938e-01
8.013939e-05 8.013939e-05 -8.130287e-02
8.026673e-05 8.026673e-05 3.393320e-02
8.038498e-05 8.038498e-05 1.225831e-01
8.050985e-05 8.050985e-05 1.434091e-01
8.065213e-05 8.065213e-05 6.600073e-02
8.077843e-05 8.077843e-05 -4.880745e-02
8.089479e-05 8.089479e-05 -1.313052e-01
8.102406e-05 8.102406e-05 -1.434925e-01
8.116782e-05 8.116782e-05 -5.582695e-02
8.129446e-05 8.129446e-05 5.984884e-02
8.141321e-05 8.141321e-05 1.360839e-01
8.154285e-05 8.154285e-05 1.348970e-01
8.169058e-05 8.169058e-05 3.399880e-02
8.181707e-05 8.181707e-05 -7.971162e-02
8.194040e-05 8.194040e-05 -1.446995e-01
8.207159e-05 8.207159e-05 -1.226382e-01
8.224018e-05 8.224018e-05 7.826103e-03
8.236941e-05 8.236941e-05 1.118497e-01
8.250588e-05 8.250588e-05 1.419280e-01
8.263419e-05 8.263419e-05 7.757238e-02
8.276052e-05 8.276052e-05 -3.529155e-02
8.287897e-05 8.287897e-05 -1.256779e-01
8.300567e-05 8.300567e-05 -1.496438e-01
8.314843e-05 8.314843e-05 -7.382038e-02
8.327555e-05 8.327555e-05 4.199709e-02
8.339268e-05 8.339268e-05 1.265053e-01
8.351948e-05 8.351948e-05 1.413671e-01
8.366240e-05 8.366240e-05 5.752569e-02
8.378863e-05 8.378863e-05 -5.753115e-02
8.390729e-05 8.390729e-05 -1.362672e-01
8.403711e-05 8.403711e-05 -1.391019e-01
8.418369e-05 8.418369e-05 -4.187983e-02
8.431033e-05 8.431033e-05 7.287965e-02
8.443187e-05 8.443187e-05 1.415352e-01
8.456244e-05 8.456244e-05 1.261959e-01
8.472341e-05 8.472341e-05 5.460250e-03
8.485174e-05 8.485174e-05 -1.030398e-01
8.498961e-05 8.498961e-05 -1.457146e-01
8.511681e-05 8.511681e-05 -9.213396e-02
8.524896e-05 8.524896e-05 2.277597e-02
8.536966e-05 8.536966e-05 1.186728e-01
8.549414e-05 8.549414e-05 1.497194e-01
8.563483e-05 8.563483e-05 8.320799e-02
8.576338e-05 8.576338e-05 -3.228518e-02
8.588217e-05 8.588217e-05 -1.223457e-01
8.600719e-05 8.600719e-05 -1.449795e-01
8.614912e-05 8.614912e-05 -6.937905e-02
8.627557e-05 8.627557e-05 4.547989e-02
8.639237e-05 8.639237e-05 1.294657e-01
8.652067e-05 8.652067e-05 1.437791e-01
8.666411e-05 8.666411e-05 5.845907e-02
8.679070e-05 8.679070e-05 -5.716018e-02
8.690894e-05 8.690894e-05 -1.350069e-01
8.703843e-05 8.703843e-05 -1.369693e-01
8.718468e-05 8.718468e-05 -3.952610e-02
8.731108e-05 8.731108e-05 7.479617e-02
8.743336e-05 8.743336e-05 1.430322e-01
8.756419e-05 8.756419e-05 1.263330e-01
8.772695e-05 8.772695e-05 3.313392e-03
8.785557e-05 8.785557e-05 -1.044897e-01
8.799327e-05 8.799327e-05 -1.445057e-01
8.812045e-05 8.812045e-05 -8.870255e-02
8.825096e-05 8.825096e-05 2.548190e-02
8.837114e-05 8.837114e-05 1.203157e-01
8.849611e-05 8.849611e-05 1.501838e-01
8.863732e-05 8.863732e-05 8.188980e-02
8.876528e-05 8.876528e-05 -3.349556e-02
8.888375e-05 8.888375e-05 -1.227287e-01
8.900883e-05 8.900883e-05 -1.442843e-01
8.915097e-05 8.915097e-05 -6.754115e-02
8.927735e-05 8.927735e-05 4.734349e-02
8.939390e-05 8.939390e-05 1.304352e-01
8.952271e-05 8.952271e-05 1.434607e-01
8.966632e-05 8.966632e-05 5.676340e-02
8.979292e-05 8.979292e-05 -5.886631e-02
8.991151e-05 8.991151e-05 -1.357720e-01
9.004111e-05 9.004111e-05 -1.358182e-01
9.018790e-05 9.018790e-05 -3.654040e-02
9.031430e-05 9.031430e-05 7.743239e-02
9.043718e-05 9.043718e-05 1.439535e-01
9.056819e-05 9.056819e-05 1.243525e-01
9.073407e-05 9.073407e-05 -2.722212e-03
9.086305e-05 9.086305e-05 -1.086018e-01
9.100009e-05 9.100009e-05 -1.432539e-01
9.112791e-05 9.112791e-05 -8.276651e-02
9.125568e-05 9.125568e-05 3.041445e-02
9.137488e-05 9.137488e-05 1.230096e-01
9.150060e-05 9.150060e-05 1.500892e-01
9.164270e-05 9.164270e-05 7.810013e-02
9.176982e-05 9.176982e-05 -3.721497e-02
9.188762e-05 9.188762e-05 -1.243630e-01
9.201334e-05 9.201334e-05 -1.430788e-01
9.215591e-05 9.215591e-05 -6.321509e-02
9.228223e-05 9.228223e-05 5.181623e-02
9.239870e-05 9.239870e-05 1.327254e-01
9.252841e-05 9.252841e-05 1.419442e-01
9.267273e-05 9.267273e-05 5.135679e-02
9.279931e-05 9.279931e-05 -6.408771e-02
9.291904e-05 9.291904e-05 -1.381492e-01
9.304901e-05 9.304901e-05 -1.325150e-01
9.320072e-05 9.320072e-05 -2.530177e-02
9.332781e-05 9.332781e-05 8.737273e-02
9.345240e-05 9.345240e-05 1.461778e-01
9.358407e-05 9.358407e-05 1.151867e-01
9.376331e-05 9.376331e-05 -2.717863e-02
9.389290e-05 9.389290e-05 -1.224336e-01
9.402718e-05 9.402718e-05 -1.355521e-01
9.415715e-05 9.415715e-05 -5.770951e-02
9.428179e-05 9.428179e-05 5.552122e-02
9.440162e-05 9.440162e-05 1.374043e-01
9.453155e-05 9.453155e-05 1.439804e-01
9.467855e-05 9.467855e-05 4.909730e-02
9.480566e-05 9.480566e-05 -6.674634e-02
9.492524e-05 9.492524e-05 -1.377537e-01
9.505515e-05 9.505515e-05 -1.278446e-01
9.521002e-05 9.521002e-05 -1.544811e-02
9.533734e-05 9.533734e-05 9.543628e-02
9.547621e-05 9.547621e-05 1.481067e-01
9.560261e-05 9.560261e-05 1.036305e-01
9.575752e-05 9.575752e-05 -2.628214e-02
9.588237e-05 9.588237e-05 -1.214605e-01
9.601111e-05 9.601111e-05 -1.432911e-01
9.614709e-05 9.614709e-05 -6.979297e-02
9.627296e-05 9.627296e-05 4.431712e-02
9.639002e-05 9.639002e-05 1.293771e-01
9.651825e-05 9.651825e-05 1.452929e-01
9.666176e-05 9.666176e-05 6.125802e-02
9.678851e-05 9.678851e-05 -5.457752e-02
9.690587e-05 9.690587e-05 -1.332453e-01
9.703513e-05 9.703513e-05 -1.376214e-01
9.718038e-05 9.718038e-05 -4.282806e-02
9.730668e-05 9.730668e-05 7.173418e-02
9.742841e-05 9.742841e-05 1.422240e-01
9.755910e-05 9.755910e-05 1.291890e-01
9.771827e-05 9.771827e-05 1.113215e-02
9.784645e-05 9.784645e-05 -9.874594e-02
9.798503e-05 9.798503e-05 -1.452970e-01
9.811120e-05 9.811120e-05 -9.545938e-02
9.825174e-05 9.825174e-05 2.495905e-02
9.837395e-05 9.837395e-05 1.206586e-01
9.850056e-05 9.850056e-05 1.484559e-01
9.863960e-05 9.863960e-05 7.894759e-02
9.876633e-05 9.876633e-05 -3.555553e-02
9.888441e-05 9.888441e-05 -1.240678e-01
9.901001e-05 9.901001e-05 -1.449321e-01
9.915261e-05 9.915261e-05 -6.698288e-02
9.927913e-05 9.927913e-05 4.819073e-02
9.939551e-05 9.939551e-05 1.305310e-01
9.952440e-05 9.952440e-05 1.424331e-01
9.966804e-05 9.966804e-05 5.479845e-02
9.980567e-05 9.980567e-05 -6.877955e-02
9.990283e-05 9.990283e-05 -1.324944e-01
1.000000e-04 1.000000e-04 -1.467785e-01
