 0.00000000e+00  1.00000000e+00  0.00000000e+00  1.07200000e+03 
 1.00000000e-08  1.00000000e+00  1.00000000e-08  1.07400000e+03 
 2.00000000e-08  1.00000000e+00  2.00000000e-08  1.07600000e+03 
 4.00000000e-08  1.00000000e+00  4.00000000e-08  1.07800000e+03 
 8.00000000e-08  1.00000000e+00  8.00000000e-08  1.08000000e+03 
 1.60000000e-07  1.00000000e+00  1.60000000e-07  1.08200000e+03 
 3.20000000e-07  1.00000000e+00  3.20000000e-07  1.08400000e+03 
 6.40000000e-07  1.00000000e+00  6.40000000e-07  1.08600000e+03 
 1.28000000e-06  1.00000000e+00  1.28000000e-06  1.08800000e+03 
 2.28000000e-06  1.00000000e+00  2.28000000e-06  1.09000000e+03 
 3.28000000e-06  1.00000000e+00  3.28000000e-06  1.09200000e+03 
 4.28000000e-06  1.00000000e+00  4.28000000e-06  1.09400000e+03 
 5.28000000e-06  1.00000000e+00  5.28000000e-06  1.09600000e+03 
 6.28000000e-06  1.00000000e+00  6.28000000e-06  1.09800000e+03 
 7.28000000e-06  1.00000000e+00  7.28000000e-06  1.10000000e+03 
 8.28000000e-06  1.00000000e+00  8.28000000e-06  1.10200000e+03 
 9.28000000e-06  1.00000000e+00  9.28000000e-06  1.10400000e+03 
 1.02800000e-05  1.00000000e+00  1.02800000e-05  1.10600000e+03 
 1.12800000e-05  1.00000000e+00  1.12800000e-05  1.10800000e+03 
 1.22800000e-05  1.00000000e+00  1.22800000e-05  1.11000000e+03 
 1.32800000e-05  1.00000000e+00  1.32800000e-05  1.11200000e+03 
 1.42800000e-05  1.00000000e+00  1.42800000e-05  1.11400000e+03 
 1.52800000e-05  1.00000000e+00  1.52800000e-05  1.11600000e+03 
 1.62800000e-05  1.00000000e+00  1.62800000e-05  1.11800000e+03 
 1.72800000e-05  1.00000000e+00  1.72800000e-05  1.12000000e+03 
 1.82800000e-05  1.00000000e+00  1.82800000e-05  1.12200000e+03 
 1.92800000e-05  1.00000000e+00  1.92800000e-05  1.12400000e+03 
 2.02800000e-05  1.00000000e+00  2.02800000e-05  1.12600000e+03 
 2.12800000e-05  1.00000000e+00  2.12800000e-05  1.12800000e+03 
 2.22800000e-05  1.00000000e+00  2.22800000e-05  1.13000000e+03 
 2.32800000e-05  1.00000000e+00  2.32800000e-05  1.13200000e+03 
 2.42800000e-05  1.00000000e+00  2.42800000e-05  1.13400000e+03 
 2.52800000e-05  1.00000000e+00  2.52800000e-05  1.13600000e+03 
 2.62800000e-05  1.00000000e+00  2.62800000e-05  1.13800000e+03 
 2.72800000e-05  1.00000000e+00  2.72800000e-05  1.14000000e+03 
 2.82800000e-05  1.00000000e+00  2.82800000e-05  1.14200000e+03 
 2.92800000e-05  1.00000000e+00  2.92800000e-05  1.14400000e+03 
 3.02800000e-05  1.00000000e+00  3.02800000e-05  1.14600000e+03 
 3.12800000e-05  1.00000000e+00  3.12800000e-05  1.14800000e+03 
 3.22800000e-05  1.00000000e+00  3.22800000e-05  1.15000000e+03 
 3.32800000e-05  1.00000000e+00  3.32800000e-05  1.15200000e+03 
 3.42800000e-05  1.00000000e+00  3.42800000e-05  1.15400000e+03 
 3.52800000e-05  1.00000000e+00  3.52800000e-05  1.15600000e+03 
 3.62800000e-05  1.00000000e+00  3.62800000e-05  1.15800000e+03 
 3.72800000e-05  1.00000000e+00  3.72800000e-05  1.16000000e+03 
 3.82800000e-05  1.00000000e+00  3.82800000e-05  1.16200000e+03 
 3.92800000e-05  1.00000000e+00  3.92800000e-05  1.16400000e+03 
 4.02800000e-05  1.00000000e+00  4.02800000e-05  1.16600000e+03 
 4.12800000e-05  1.00000000e+00  4.12800000e-05  1.16800000e+03 
 4.22800000e-05  1.00000000e+00  4.22800000e-05  1.17000000e+03 
 4.32800000e-05  1.00000000e+00  4.32800000e-05  1.17200000e+03 
 4.42800000e-05  1.00000000e+00  4.42800000e-05  1.17400000e+03 
 4.52800000e-05  1.00000000e+00  4.52800000e-05  1.17600000e+03 
 4.62800000e-05  1.00000000e+00  4.62800000e-05  1.17800000e+03 
 4.72800000e-05  1.00000000e+00  4.72800000e-05  1.18000000e+03 
 4.82800000e-05  1.00000000e+00  4.82800000e-05  1.18200000e+03 
 4.92800000e-05  1.00000000e+00  4.92800000e-05  1.18400000e+03 
 5.02800000e-05  1.00000000e+00  5.02800000e-05  1.18600000e+03 
 5.12800000e-05  1.00000000e+00  5.12800000e-05  1.18800000e+03 
 5.22800000e-05  1.00000000e+00  5.22800000e-05  1.19000000e+03 
 5.32800000e-05  1.00000000e+00  5.32800000e-05  1.19200000e+03 
 5.42800000e-05  1.00000000e+00  5.42800000e-05  1.19400000e+03 
 5.52800000e-05  1.00000000e+00  5.52800000e-05  1.19600000e+03 
 5.62800000e-05  1.00000000e+00  5.62800000e-05  1.19800000e+03 
 5.72800000e-05  1.00000000e+00  5.72800000e-05  1.20000000e+03 
 5.82800000e-05  1.00000000e+00  5.82800000e-05  1.20200000e+03 
 5.92800000e-05  1.00000000e+00  5.92800000e-05  1.20400000e+03 
 6.02800000e-05  1.00000000e+00  6.02800000e-05  1.20600000e+03 
 6.12800000e-05  1.00000000e+00  6.12800000e-05  1.20800000e+03 
 6.22800000e-05  1.00000000e+00  6.22800000e-05  1.21000000e+03 
 6.32800000e-05  1.00000000e+00  6.32800000e-05  1.21200000e+03 
 6.42800000e-05  1.00000000e+00  6.42800000e-05  1.21400000e+03 
 6.52800000e-05  1.00000000e+00  6.52800000e-05  1.21600000e+03 
 6.62800000e-05  1.00000000e+00  6.62800000e-05  1.21800000e+03 
 6.72800000e-05  1.00000000e+00  6.72800000e-05  1.22000000e+03 
 6.82800000e-05  1.00000000e+00  6.82800000e-05  1.22200000e+03 
 6.92800000e-05  1.00000000e+00  6.92800000e-05  1.22400000e+03 
 7.02800000e-05  1.00000000e+00  7.02800000e-05  1.22600000e+03 
 7.12800000e-05  1.00000000e+00  7.12800000e-05  1.22800000e+03 
 7.22800000e-05  1.00000000e+00  7.22800000e-05  1.23000000e+03 
 7.32800000e-05  1.00000000e+00  7.32800000e-05  1.23200000e+03 
 7.42800000e-05  1.00000000e+00  7.42800000e-05  1.23400000e+03 
 7.52800000e-05  1.00000000e+00  7.52800000e-05  1.23600000e+03 
 7.62800000e-05  1.00000000e+00  7.62800000e-05  1.23800000e+03 
 7.72800000e-05  1.00000000e+00  7.72800000e-05  1.24000000e+03 
 7.82800000e-05  1.00000000e+00  7.82800000e-05  1.24200000e+03 
 7.92800000e-05  1.00000000e+00  7.92800000e-05  1.24400000e+03 
 8.02800000e-05  1.00000000e+00  8.02800000e-05  1.24600000e+03 
 8.12800000e-05  1.00000000e+00  8.12800000e-05  1.24800000e+03 
 8.22800000e-05  1.00000000e+00  8.22800000e-05  1.25000000e+03 
 8.32800000e-05  1.00000000e+00  8.32800000e-05  1.25200000e+03 
 8.42800000e-05  1.00000000e+00  8.42800000e-05  1.25400000e+03 
 8.52800000e-05  1.00000000e+00  8.52800000e-05  1.25600000e+03 
 8.62800000e-05  1.00000000e+00  8.62800000e-05  1.25800000e+03 
 8.72800000e-05  1.00000000e+00  8.72800000e-05  1.26000000e+03 
 8.82800000e-05  1.00000000e+00  8.82800000e-05  1.26200000e+03 
 8.92800000e-05  1.00000000e+00  8.92800000e-05  1.26400000e+03 
 9.02800000e-05  1.00000000e+00  9.02800000e-05  1.26600000e+03 
 9.12800000e-05  1.00000000e+00  9.12800000e-05  1.26800000e+03 
 9.22800000e-05  1.00000000e+00  9.22800000e-05  1.27000000e+03 
 9.32800000e-05  1.00000000e+00  9.32800000e-05  1.27200000e+03 
 9.42800000e-05  1.00000000e+00  9.42800000e-05  1.27400000e+03 
 9.52800000e-05  1.00000000e+00  9.52800000e-05  1.27600000e+03 
 9.62800000e-05  1.00000000e+00  9.62800000e-05  1.27800000e+03 
 9.72800000e-05  1.00000000e+00  9.72800000e-05  1.28000000e+03 
 9.82800000e-05  1.00000000e+00  9.82800000e-05  1.28200000e+03 
 9.91400000e-05  1.00000000e+00  9.91400000e-05  1.28400000e+03 
 1.00000000e-04  1.00000000e+00  1.00000000e-04  1.28600000e+03 
