 1.00000000e+01 -6.72052889e+00 
 1.04712855e+01 -6.72088086e+00 
 1.09647820e+01 -6.72126675e+00 
 1.14815362e+01 -6.72168983e+00 
 1.20226443e+01 -6.72215369e+00 
 1.25892541e+01 -6.72266223e+00 
 1.31825674e+01 -6.72321978e+00 
 1.38038426e+01 -6.72383103e+00 
 1.44543977e+01 -6.72450116e+00 
 1.51356125e+01 -6.72523582e+00 
 1.58489319e+01 -6.72604121e+00 
 1.65958691e+01 -6.72692414e+00 
 1.73780083e+01 -6.72789204e+00 
 1.81970086e+01 -6.72895308e+00 
 1.90546072e+01 -6.73011619e+00 
 1.99526231e+01 -6.73139115e+00 
 2.08929613e+01 -6.73278869e+00 
 2.18776162e+01 -6.73432055e+00 
 2.29086765e+01 -6.73599957e+00 
 2.39883292e+01 -6.73783984e+00 
 2.51188643e+01 -6.73985676e+00 
 2.63026799e+01 -6.74206719e+00 
 2.75422870e+01 -6.74448959e+00 
 2.88403150e+01 -6.74714414e+00 
 3.01995172e+01 -6.75005294e+00 
 3.16227766e+01 -6.75324014e+00 
 3.31131121e+01 -6.75673214e+00 
 3.46736850e+01 -6.76055782e+00 
 3.63078055e+01 -6.76474872e+00 
 3.80189396e+01 -6.76933932e+00 
 3.98107171e+01 -6.77436723e+00 
 4.16869383e+01 -6.77987355e+00 
 4.36515832e+01 -6.78590309e+00 
 4.57088190e+01 -6.79250474e+00 
 4.78630092e+01 -6.79973180e+00 
 5.01187234e+01 -6.80764231e+00 
 5.24807460e+01 -6.81629948e+00 
 5.49540874e+01 -6.82577209e+00 
 5.75439937e+01 -6.83613491e+00 
 6.02559586e+01 -6.84746916e+00 
 6.30957344e+01 -6.85986301e+00 
 6.60693448e+01 -6.87341208e+00 
 6.91830971e+01 -6.88821991e+00 
 7.24435960e+01 -6.90439855e+00 
 7.58577575e+01 -6.92206908e+00 
 7.94328235e+01 -6.94136215e+00 
 8.31763771e+01 -6.96241853e+00 
 8.70963590e+01 -6.98538966e+00 
 9.12010839e+01 -7.01043813e+00 
 9.54992586e+01 -7.03773819e+00 
 1.00000000e+02 -7.06747619e+00 
 1.04712855e+02 -7.09985090e+00 
 1.09647820e+02 -7.13507385e+00 
 1.14815362e+02 -7.17336952e+00 
 1.20226443e+02 -7.21497536e+00 
 1.25892541e+02 -7.26014175e+00 
 1.31825674e+02 -7.30913173e+00 
 1.38038426e+02 -7.36222053e+00 
 1.44543977e+02 -7.41969491e+00 
 1.51356125e+02 -7.48185221e+00 
 1.58489319e+02 -7.54899917e+00 
 1.65958691e+02 -7.62145039e+00 
 1.73780083e+02 -7.69952656e+00 
 1.81970086e+02 -7.78355233e+00 
 1.90546072e+02 -7.87385386e+00 
 1.99526231e+02 -7.97075608e+00 
 2.08929613e+02 -8.07457968e+00 
 2.18776162e+02 -8.18563785e+00 
 2.29086765e+02 -8.30423280e+00 
 2.39883292e+02 -8.43065218e+00 
 2.51188643e+02 -8.56516540e+00 
 2.63026799e+02 -8.70802005e+00 
 2.75422870e+02 -8.85943833e+00 
 2.88403150e+02 -9.01961380e+00 
 3.01995172e+02 -9.18870837e+00 
 3.16227766e+02 -9.36684978e+00 
 3.31131121e+02 -9.55412944e+00 
 3.46736850e+02 -9.75060099e+00 
 3.63078055e+02 -9.95627936e+00 
 3.80189396e+02 -1.01711405e+01 
 3.98107171e+02 -1.03951219e+01 
 4.16869383e+02 -1.06281235e+01 
 4.36515832e+02 -1.08700094e+01 
 4.57088190e+02 -1.11206099e+01 
 4.78630092e+02 -1.13797246e+01 
 5.01187234e+02 -1.16471251e+01 
 5.24807460e+02 -1.19225583e+01 
 5.49540874e+02 -1.22057502e+01 
 5.75439937e+02 -1.24964095e+01 
 6.02559586e+02 -1.27942310e+01 
 6.30957344e+02 -1.30988996e+01 
 6.60693448e+02 -1.34100932e+01 
 6.91830971e+02 -1.37274864e+01 
 7.24435960e+02 -1.40507531e+01 
 7.58577575e+02 -1.43795694e+01 
 7.94328235e+02 -1.47136159e+01 
 8.31763771e+02 -1.50525796e+01 
 8.70963590e+02 -1.53961559e+01 
 9.12010839e+02 -1.57440498e+01 
 9.54992586e+02 -1.60959772e+01 
 1.00000000e+03 -1.64516656e+01 
 1.04712855e+03 -1.68108549e+01 
 1.09647820e+03 -1.71732978e+01 
 1.14815362e+03 -1.75387598e+01 
 1.20226443e+03 -1.79070195e+01 
 1.25892541e+03 -1.82778683e+01 
 1.31825674e+03 -1.86511104e+01 
 1.38038426e+03 -1.90265623e+01 
 1.44543977e+03 -1.94040526e+01 
 1.51356125e+03 -1.97834213e+01 
 1.58489319e+03 -2.01645194e+01 
 1.65958691e+03 -2.05472087e+01 
 1.73780083e+03 -2.09313608e+01 
 1.81970086e+03 -2.13168567e+01 
 1.90546072e+03 -2.17035865e+01 
 1.99526231e+03 -2.20914484e+01 
 2.08929613e+03 -2.24803487e+01 
 2.18776162e+03 -2.28702009e+01 
 2.29086765e+03 -2.32609252e+01 
 2.39883292e+03 -2.36524484e+01 
 2.51188643e+03 -2.40447030e+01 
 2.63026799e+03 -2.44376270e+01 
 2.75422870e+03 -2.48311636e+01 
 2.88403150e+03 -2.52252605e+01 
 3.01995172e+03 -2.56198698e+01 
 3.16227766e+03 -2.60149476e+01 
 3.31131121e+03 -2.64104536e+01 
 3.46736850e+03 -2.68063510e+01 
 3.63078055e+03 -2.72026060e+01 
 3.80189396e+03 -2.75991877e+01 
 3.98107171e+03 -2.79960678e+01 
 4.16869383e+03 -2.83932205e+01 
 4.36515832e+03 -2.87906220e+01 
 4.57088190e+03 -2.91882509e+01 
 4.78630092e+03 -2.95860873e+01 
 5.01187234e+03 -2.99841131e+01 
 5.24807460e+03 -3.03823118e+01 
 5.49540874e+03 -3.07806684e+01 
 5.75439937e+03 -3.11791690e+01 
 6.02559586e+03 -3.15778011e+01 
 6.30957344e+03 -3.19765532e+01 
 6.60693448e+03 -3.23754148e+01 
 6.91830971e+03 -3.27743762e+01 
 7.24435960e+03 -3.31734289e+01 
 7.58577575e+03 -3.35725647e+01 
 7.94328235e+03 -3.39717764e+01 
 8.31763771e+03 -3.43710574e+01 
 8.70963590e+03 -3.47704015e+01 
 9.12010839e+03 -3.51698032e+01 
 9.54992586e+03 -3.55692575e+01 
 1.00000000e+04 -3.59687598e+01 
 1.04712855e+04 -3.63683058e+01 
 1.09647820e+04 -3.67678917e+01 
 1.14815362e+04 -3.71675140e+01 
 1.20226443e+04 -3.75671696e+01 
 1.25892541e+04 -3.79668554e+01 
 1.31825674e+04 -3.83665688e+01 
 1.38038426e+04 -3.87663074e+01 
 1.44543977e+04 -3.91660690e+01 
 1.51356125e+04 -3.95658516e+01 
 1.58489319e+04 -3.99656533e+01 
 1.65958691e+04 -4.03654724e+01 
 1.73780083e+04 -4.07653075e+01 
 1.81970086e+04 -4.11651570e+01 
 1.90546072e+04 -4.15650198e+01 
 1.99526231e+04 -4.19648947e+01 
 2.08929613e+04 -4.23647806e+01 
 2.18776162e+04 -4.27646765e+01 
 2.29086765e+04 -4.31645815e+01 
 2.39883292e+04 -4.35644949e+01 
 2.51188643e+04 -4.39644160e+01 
 2.63026799e+04 -4.43643439e+01 
 2.75422870e+04 -4.47642783e+01 
 2.88403150e+04 -4.51642184e+01 
 3.01995172e+04 -4.55641637e+01 
 3.16227766e+04 -4.59641139e+01 
 3.31131121e+04 -4.63640684e+01 
 3.46736850e+04 -4.67640270e+01 
 3.63078055e+04 -4.71639892e+01 
 3.80189396e+04 -4.75639547e+01 
 3.98107171e+04 -4.79639233e+01 
 4.16869383e+04 -4.83638946e+01 
 4.36515832e+04 -4.87638684e+01 
 4.57088190e+04 -4.91638446e+01 
 4.78630092e+04 -4.95638228e+01 
 5.01187234e+04 -4.99638030e+01 
 5.24807460e+04 -5.03637849e+01 
 5.49540874e+04 -5.07637684e+01 
 5.75439937e+04 -5.11637534e+01 
 6.02559586e+04 -5.15637396e+01 
 6.30957344e+04 -5.19637271e+01 
 6.60693448e+04 -5.23637157e+01 
 6.91830971e+04 -5.27637053e+01 
 7.24435960e+04 -5.31636958e+01 
 7.58577575e+04 -5.35636871e+01 
 7.94328235e+04 -5.39636792e+01 
 8.31763771e+04 -5.43636720e+01 
 8.70963590e+04 -5.47636655e+01 
 9.12010839e+04 -5.51636595e+01 
 9.54992586e+04 -5.55636540e+01 
 1.00000000e+05 -5.59636490e+01 
 1.04712855e+05 -5.63636445e+01 
 1.09647820e+05 -5.67636403e+01 
 1.14815362e+05 -5.71636366e+01 
 1.20226443e+05 -5.75636331e+01 
 1.25892541e+05 -5.79636300e+01 
 1.31825674e+05 -5.83636271e+01 
 1.38038426e+05 -5.87636245e+01 
 1.44543977e+05 -5.91636221e+01 
 1.51356125e+05 -5.95636199e+01 
 1.58489319e+05 -5.99636179e+01 
 1.65958691e+05 -6.03636161e+01 
 1.73780083e+05 -6.07636145e+01 
 1.81970086e+05 -6.11636130e+01 
 1.90546072e+05 -6.15636116e+01 
 1.99526231e+05 -6.19636103e+01 
 2.08929613e+05 -6.23636092e+01 
 2.18776162e+05 -6.27636082e+01 
 2.29086765e+05 -6.31636072e+01 
 2.39883292e+05 -6.35636063e+01 
 2.51188643e+05 -6.39636056e+01 
 2.63026799e+05 -6.43636048e+01 
 2.75422870e+05 -6.47636042e+01 
 2.88403150e+05 -6.51636036e+01 
 3.01995172e+05 -6.55636030e+01 
 3.16227766e+05 -6.59636025e+01 
 3.31131121e+05 -6.63636021e+01 
 3.46736850e+05 -6.67636017e+01 
 3.63078055e+05 -6.71636013e+01 
 3.80189396e+05 -6.75636009e+01 
 3.98107171e+05 -6.79636006e+01 
 4.16869383e+05 -6.83636003e+01 
 4.36515832e+05 -6.87636001e+01 
 4.57088190e+05 -6.91635998e+01 
 4.78630092e+05 -6.95635996e+01 
 5.01187234e+05 -6.99635994e+01 
 5.24807460e+05 -7.03635992e+01 
 5.49540874e+05 -7.07635991e+01 
 5.75439937e+05 -7.11635989e+01 
 6.02559586e+05 -7.15635988e+01 
 6.30957344e+05 -7.19635987e+01 
 6.60693448e+05 -7.23635986e+01 
 6.91830971e+05 -7.27635984e+01 
 7.24435960e+05 -7.31635984e+01 
 7.58577575e+05 -7.35635983e+01 
 7.94328235e+05 -7.39635982e+01 
 8.31763771e+05 -7.43635981e+01 
 8.70963590e+05 -7.47635980e+01 
 9.12010839e+05 -7.51635980e+01 
 9.54992586e+05 -7.55635979e+01 
 1.00000000e+06 -7.59635979e+01 
