-1.20000000e+01 -5.50001670e+00 -1.20000000e+01  1.00006680e+00 
-1.17500000e+01 -5.37502088e+00 -1.17500000e+01  1.00008350e+00 
-1.15000000e+01 -5.25002680e+00 -1.15000000e+01  1.00010722e+00 
-1.12500000e+01 -5.12503442e+00 -1.12500000e+01  1.00013766e+00 
-1.10000000e+01 -5.00004419e+00 -1.10000000e+01  1.00017676e+00 
-1.07500000e+01 -4.87505674e+00 -1.07500000e+01  1.00022695e+00 
-1.05000000e+01 -4.75007285e+00 -1.05000000e+01  1.00029139e+00 
-1.02500000e+01 -4.62509354e+00 -1.02500000e+01  1.00037413e+00 
-1.00000000e+01 -4.50012010e+00 -1.00000000e+01  1.00048034e+00 
-9.75000000e+00 -4.37515419e+00 -9.75000000e+00  1.00061668e+00 
-9.50000000e+00 -4.25019796e+00 -9.50000000e+00  1.00079171e+00 
-9.25000000e+00 -4.12525415e+00 -9.25000000e+00  1.00101635e+00 
-9.00000000e+00 -4.00032627e+00 -9.00000000e+00  1.00130466e+00 
-8.75000000e+00 -3.87541882e+00 -8.75000000e+00  1.00167462e+00 
-8.50000000e+00 -3.75053760e+00 -8.50000000e+00  1.00214928e+00 
-8.25000000e+00 -3.62568999e+00 -8.25000000e+00  1.00275812e+00 
-8.00000000e+00 -3.50088546e+00 -8.00000000e+00  1.00353884e+00 
-7.75000000e+00 -3.37613614e+00 -7.75000000e+00  1.00453960e+00 
-7.50000000e+00 -3.25145748e+00 -7.50000000e+00  1.00582178e+00 
-7.25000000e+00 -3.12686923e+00 -7.25000000e+00  1.00746351e+00 
-7.00000000e+00 -3.00239651e+00 -7.00000000e+00  1.00956397e+00 
-6.75000000e+00 -2.87807121e+00 -6.75000000e+00  1.01224860e+00 
-6.50000000e+00 -2.75393374e+00 -6.50000000e+00  1.01567549e+00 
-6.25000000e+00 -2.63003503e+00 -6.25000000e+00  1.02004268e+00 
-6.00000000e+00 -2.50643900e+00 -6.00000000e+00  1.02559663e+00 
-5.75000000e+00 -2.38322536e+00 -5.75000000e+00  1.03264127e+00 
-5.50000000e+00 -2.26049265e+00 -5.50000000e+00  1.04154708e+00 
-5.25000000e+00 -2.13868901e+00 -5.25000000e+00  1.05400649e+00 
-5.00000000e+00 -2.01738235e+00 -5.00000000e+00  1.06832080e+00 
-4.75000000e+00 -1.89700963e+00 -4.75000000e+00  1.08610083e+00 
-4.50000000e+00 -1.77777244e+00 -4.50000000e+00  1.10800455e+00 
-4.25000000e+00 -1.65989823e+00 -4.25000000e+00  1.13472139e+00 
-4.00000000e+00 -1.54363534e+00 -4.00000000e+00  1.16692520e+00 
-3.75000000e+00 -1.42924412e+00 -3.75000000e+00  1.20520681e+00 
-3.50000000e+00 -1.31698391e+00 -3.50000000e+00  1.24998835e+00 
-3.25000000e+00 -1.20709659e+00 -3.25000000e+00  1.30142710e+00 
-3.00000000e+00 -1.09978827e+00 -3.00000000e+00  1.35932252e+00 
-2.75000000e+00 -9.95211755e-01 -2.75000000e+00  1.42304390e+00 
-2.50000000e+00 -8.93452297e-01 -2.50000000e+00  1.49149543e+00 
-2.25000000e+00 -7.94518936e-01 -2.25000000e+00  1.56312970e+00 
-2.00000000e+00 -6.98342366e-01 -2.00000000e+00  1.63601144e+00 
-1.75000000e+00 -6.04778967e-01 -1.75000000e+00  1.70792319e+00 
-1.50000000e+00 -5.13619488e-01 -1.50000000e+00  1.77649783e+00 
-1.25000000e+00 -4.24600371e-01 -1.25000000e+00  1.83936069e+00 
-1.00000000e+00 -3.37415732e-01 -1.00000000e+00  1.89426602e+00 
-7.50000000e-01 -2.51728534e-01 -7.50000000e-01  1.93921700e+00 
-5.00000000e-01 -1.67180085e-01 -5.00000000e-01  1.97256369e+00 
-2.50000000e-01 -8.33976010e-02 -2.50000000e-01  1.99307706e+00 
 0.00000000e+00 -4.71306128e-13  0.00000000e+00  2.00000002e+00 
 2.50000000e-01  8.33976037e-02  2.50000000e-01  1.99307697e+00 
 5.00000000e-01  1.67180096e-01  5.00000000e-01  1.97256352e+00 
 7.50000000e-01  2.51728556e-01  7.50000000e-01  1.93921678e+00 
 1.00000000e+00  3.37415767e-01  1.00000000e+00  1.89426579e+00 
 1.25000000e+00  4.24600418e-01  1.25000000e+00  1.83936049e+00 
 1.50000000e+00  5.13619542e-01  1.50000000e+00  1.77649769e+00 
 1.75000000e+00  6.04779021e-01  1.75000000e+00  1.70792312e+00 
 2.00000000e+00  6.98342411e-01  2.00000000e+00  1.63601142e+00 
 2.25000000e+00  7.94518964e-01  2.25000000e+00  1.56312971e+00 
 2.50000000e+00  8.93452305e-01  2.50000000e+00  1.49149544e+00 
 2.75000000e+00  9.95211744e-01  2.75000000e+00  1.42304388e+00 
 3.00000000e+00  1.09978824e+00  3.00000000e+00  1.35932246e+00 
 3.25000000e+00  1.20709656e+00  3.25000000e+00  1.30142701e+00 
 3.50000000e+00  1.31698388e+00  3.50000000e+00  1.24998825e+00 
 3.75000000e+00  1.42924409e+00  3.75000000e+00  1.20520672e+00 
 4.00000000e+00  1.54363531e+00  4.00000000e+00  1.16692512e+00 
 4.25000000e+00  1.65989821e+00  4.25000000e+00  1.13472133e+00 
 4.50000000e+00  1.77777243e+00  4.50000000e+00  1.10800451e+00 
 4.75000000e+00  1.89700962e+00  4.75000000e+00  1.08610080e+00 
 5.00000000e+00  2.01738234e+00  5.00000000e+00  1.06832079e+00 
 5.25000000e+00  2.13868901e+00  5.25000000e+00  1.05400648e+00 
 5.50000000e+00  2.26075564e+00  5.50000000e+00  1.04255981e+00 
 5.75000000e+00  2.38343520e+00  5.75000000e+00  1.03345620e+00 
 6.00000000e+00  2.50637859e+00  6.00000000e+00  1.02536855e+00 
 6.25000000e+00  2.62998564e+00  6.25000000e+00  1.01985366e+00 
 6.50000000e+00  2.75389435e+00  6.50000000e+00  1.01552324e+00 
 6.75000000e+00  2.87803997e+00  6.75000000e+00  1.01212689e+00 
 7.00000000e+00  3.00237182e+00  7.00000000e+00  1.00946723e+00 
 7.25000000e+00  3.12684979e+00  7.25000000e+00  1.00738697e+00 
 7.50000000e+00  3.25144221e+00  7.50000000e+00  1.00576142e+00 
 7.75000000e+00  3.37612416e+00  7.75000000e+00  1.00449214e+00 
 8.00000000e+00  3.50087608e+00  8.00000000e+00  1.00350160e+00 
 8.25000000e+00  3.62568265e+00  8.25000000e+00  1.00272895e+00 
 8.50000000e+00  3.75053187e+00  8.50000000e+00  1.00212646e+00 
 8.75000000e+00  3.87541435e+00  8.75000000e+00  1.00165679e+00 
 9.00000000e+00  4.00032278e+00  9.00000000e+00  1.00129073e+00 
 9.25000000e+00  4.12525143e+00  9.25000000e+00  1.00100548e+00 
 9.50000000e+00  4.25019584e+00  9.50000000e+00  1.00078322e+00 
 9.75000000e+00  4.37515254e+00  9.75000000e+00  1.00061007e+00 
 1.00000000e+01  4.50011881e+00  1.00000000e+01  1.00047518e+00 
 1.02500000e+01  4.62509253e+00  1.02500000e+01  1.00037011e+00 
 1.05000000e+01  4.75007207e+00  1.05000000e+01  1.00028826e+00 
 1.07500000e+01  4.87505613e+00  1.07500000e+01  1.00022451e+00 
 1.10000000e+01  5.00004372e+00  1.10000000e+01  1.00017486e+00 
 1.12500000e+01  5.12503405e+00  1.12500000e+01  1.00013618e+00 
 1.15000000e+01  5.25002652e+00  1.15000000e+01  1.00010606e+00 
 1.17500000e+01  5.37502065e+00  1.17500000e+01  1.00008260e+00 
 1.20000000e+01  5.50001608e+00  1.20000000e+01  1.00006433e+00 
