 0.00000000e+00  0.00000000e+00  0.00000000e+00  2.00000000e+00 
 5.00000000e-07  9.41066193e-07  5.00000000e-07  2.00000000e+00 
 5.42042001e-07  1.02684742e-06  5.42042001e-07  2.00000000e+00 
 6.26126002e-07  1.21171340e-06  6.26126002e-07  2.00000000e+00 
 7.94294005e-07  1.66124652e-06  7.94294005e-07  2.00000000e+00 
 1.13063001e-06  2.87931608e-06  1.13063001e-06  2.00000000e+00 
 1.80330202e-06  6.58986072e-06  1.80330202e-06  2.00000000e+00 
 3.14864604e-06  1.90957384e-05  3.14864604e-06  2.00000000e+00 
 5.83933409e-06  6.43444365e-05  5.83933409e-06  2.00000000e+00 
 1.12207102e-05  2.34979210e-04  1.12207102e-05  1.99999997e+00 
 2.19834624e-05  8.90429785e-04  2.19834624e-05  1.99999964e+00 
 4.35089667e-05  3.40888091e-03  4.35089667e-05  1.99999472e+00 
 8.65599754e-05  1.29091427e-02  8.65599754e-05  1.99992361e+00 
 1.36559975e-04  3.06647988e-02  1.36559975e-04  1.99937505e+00 
 1.86559975e-04  5.47024755e-02  1.86559975e-04  1.99758789e+00 
 2.36559975e-04  8.41411059e-02  2.36559975e-04  1.99380568e+00 
 2.86559975e-04  1.18224137e-01  2.86559975e-04  1.98727181e+00 
 3.36559975e-04  1.56304460e-01  3.36559975e-04  1.97731406e+00 
 3.86559975e-04  1.97831505e-01  3.86559975e-04  1.96339391e+00 
 4.36559975e-04  2.42339956e-01  4.36559975e-04  1.94514051e+00 
 4.86559975e-04  2.89439633e-01  4.86559975e-04  1.92237004e+00 
 5.36559975e-04  3.38806272e-01  5.36559975e-04  1.89509080e+00 
 5.86559975e-04  3.90173004e-01  5.86559975e-04  1.86349511e+00 
 6.36559975e-04  4.43322441e-01  6.36559975e-04  1.82794029e+00 
 6.86559975e-04  4.98079318e-01  6.86559975e-04  1.78892108e+00 
 7.36559975e-04  5.54303699e-01  7.36559975e-04  1.74703684e+00 
 7.86559975e-04  6.11884736e-01  7.86559975e-04  1.70295623e+00 
 8.36559975e-04  6.70735017e-01  8.36559975e-04  1.65738226e+00 
 8.86559975e-04  7.30785499e-01  8.86559975e-04  1.61101975e+00 
 9.36559975e-04  7.91981031e-01  9.36559975e-04  1.56454690e+00 
 9.86559975e-04  8.54276459e-01  9.86559975e-04  1.51859190e+00 
 1.03655998e-03  9.17633297e-01  1.03655998e-03  1.47371521e+00 
 1.08655998e-03  9.82016930e-01  1.08655998e-03  1.43039743e+00 
 1.13655998e-03  1.04739433e+00  1.13655998e-03  1.38903258e+00 
 1.18655998e-03  1.11376315e+00  1.18655998e-03  1.35134923e+00 
 1.23655998e-03  1.18108365e+00  1.23655998e-03  1.31475874e+00 
 1.28655998e-03  1.24928297e+00  1.28655998e-03  1.28075616e+00 
 1.33655998e-03  1.31832110e+00  1.33655998e-03  1.24941030e+00 
 1.38655998e-03  1.38815433e+00  1.38655998e-03  1.22072743e+00 
 1.43655998e-03  1.45873516e+00  1.43655998e-03  1.19466128e+00 
 1.48655998e-03  1.53001231e+00  1.48655998e-03  1.17112322e+00 
 1.53655998e-03  1.60193105e+00  1.53655998e-03  1.14999213e+00 
 1.58655998e-03  1.67443351e+00  1.58655998e-03  1.13112354e+00 
 1.63655998e-03  1.74744431e+00  1.63655998e-03  1.11327606e+00 
 1.68655998e-03  1.82090382e+00  1.68655998e-03  1.09854906e+00 
 1.73655998e-03  1.89476516e+00  1.73655998e-03  1.08558216e+00 
 1.78655998e-03  1.96896197e+00  1.78655998e-03  1.07420668e+00 
 1.83655998e-03  2.04342738e+00  1.83655998e-03  1.06425950e+00 
 1.88655998e-03  2.11809445e+00  1.88655998e-03  1.05558623e+00 
 1.93655998e-03  2.19289661e+00  1.93655998e-03  1.04804282e+00 
 1.98655998e-03  2.26776804e+00  1.98655998e-03  1.04149657e+00 
 2.03655998e-03  2.34264400e+00  2.03655998e-03  1.03582650e+00 
 2.08655998e-03  2.41746113e+00  2.08655998e-03  1.03092333e+00 
 2.13655998e-03  2.49215763e+00  2.13655998e-03  1.02668913e+00 
 2.18655998e-03  2.56667352e+00  2.18655998e-03  1.02303673e+00 
 2.23655998e-03  2.64095069e+00  2.23655998e-03  1.01988902e+00 
 2.28655998e-03  2.71493307e+00  2.28655998e-03  1.01717811e+00 
 2.33655998e-03  2.78856665e+00  2.33655998e-03  1.01484455e+00 
 2.38655998e-03  2.86179952e+00  2.38655998e-03  1.01283643e+00 
 2.43655998e-03  2.93458190e+00  2.43655998e-03  1.01110861e+00 
 2.48655998e-03  3.00686609e+00  2.48655998e-03  1.00962194e+00 
 2.53655998e-03  3.07860644e+00  2.53655998e-03  1.00834257e+00 
 2.58655998e-03  3.14975932e+00  2.58655998e-03  1.00724128e+00 
 2.63655998e-03  3.22028304e+00  2.63655998e-03  1.00629289e+00 
 2.68655998e-03  3.29013781e+00  2.68655998e-03  1.00547574e+00 
 2.73655998e-03  3.35928563e+00  2.73655998e-03  1.00477122e+00 
 2.78655998e-03  3.42769024e+00  2.78655998e-03  1.00416338e+00 
 2.83655998e-03  3.49531704e+00  2.83655998e-03  1.00363851e+00 
 2.88655998e-03  3.56213298e+00  2.88655998e-03  1.00318488e+00 
 2.93655998e-03  3.62810652e+00  2.93655998e-03  1.00279244e+00 
 2.98655998e-03  3.69320753e+00  2.98655998e-03  1.00245258e+00 
 3.03655998e-03  3.75740722e+00  3.03655998e-03  1.00215794e+00 
 3.08655998e-03  3.82067808e+00  3.08655998e-03  1.00190219e+00 
 3.13655998e-03  3.88299379e+00  3.13655998e-03  1.00167994e+00 
 3.18655998e-03  3.94432917e+00  3.18655998e-03  1.00148655e+00 
 3.23655998e-03  4.00466010e+00  3.23655998e-03  1.00131806e+00 
 3.28655998e-03  4.06396348e+00  3.28655998e-03  1.00117105e+00 
 3.33655998e-03  4.12221717e+00  3.33655998e-03  1.00104262e+00 
 3.38655998e-03  4.17939995e+00  3.38655998e-03  1.00093026e+00 
 3.43655998e-03  4.23549144e+00  3.43655998e-03  1.00083181e+00 
 3.48655998e-03  4.29047210e+00  3.48655998e-03  1.00074543e+00 
 3.53655998e-03  4.34432314e+00  3.53655998e-03  1.00066953e+00 
 3.58655998e-03  4.39702654e+00  3.58655998e-03  1.00060273e+00 
 3.63655998e-03  4.44856495e+00  3.63655998e-03  1.00054386e+00 
 3.68655998e-03  4.49892172e+00  3.68655998e-03  1.00049190e+00 
 3.73655998e-03  4.54808084e+00  3.73655998e-03  1.00044597e+00 
 3.78655998e-03  4.59602690e+00  3.78655998e-03  1.00040530e+00 
 3.83655998e-03  4.64274511e+00  3.83655998e-03  1.00036925e+00 
 3.88655998e-03  4.68822123e+00  3.88655998e-03  1.00033724e+00 
 3.93655998e-03  4.73244158e+00  3.93655998e-03  1.00030877e+00 
 3.98655998e-03  4.77539301e+00  3.98655998e-03  1.00028343e+00 
 4.03655998e-03  4.81706289e+00  4.03655998e-03  1.00026083e+00 
 4.08655998e-03  4.85743909e+00  4.08655998e-03  1.00024065e+00 
 4.13655998e-03  4.89650998e+00  4.13655998e-03  1.00022262e+00 
 4.18655998e-03  4.93426437e+00  4.18655998e-03  1.00020647e+00 
 4.23655998e-03  4.97069157e+00  4.23655998e-03  1.00019201e+00 
 4.28655998e-03  5.00578134e+00  4.28655998e-03  1.00017903e+00 
 4.33655998e-03  5.03952386e+00  4.33655998e-03  1.00016738e+00 
 4.38655998e-03  5.07190979e+00  4.38655998e-03  1.00015692e+00 
 4.43655998e-03  5.10293017e+00  4.43655998e-03  1.00014751e+00 
 4.48655998e-03  5.13257651e+00  4.48655998e-03  1.00013904e+00 
 4.53655998e-03  5.16084071e+00  4.53655998e-03  1.00013142e+00 
 4.58655998e-03  5.18771509e+00  4.58655998e-03  1.00012456e+00 
 4.63655998e-03  5.21319238e+00  4.63655998e-03  1.00011839e+00 
 4.68655998e-03  5.23726572e+00  4.68655998e-03  1.00011285e+00 
 4.73655998e-03  5.25992863e+00  4.73655998e-03  1.00010786e+00 
 4.78655998e-03  5.28117505e+00  4.78655998e-03  1.00010339e+00 
 4.83655998e-03  5.30099930e+00  4.83655998e-03  1.00009938e+00 
 4.88655998e-03  5.31939610e+00  4.88655998e-03  1.00009580e+00 
 4.93655998e-03  5.33636055e+00  4.93655998e-03  1.00009261e+00 
 4.98655998e-03  5.35188814e+00  4.98655998e-03  1.00008979e+00 
 5.03655998e-03  5.36597475e+00  5.03655998e-03  1.00008730e+00 
 5.08655998e-03  5.37861663e+00  5.08655998e-03  1.00008513e+00 
 5.13655998e-03  5.38981043e+00  5.13655998e-03  1.00008325e+00 
 5.18655998e-03  5.39955316e+00  5.18655998e-03  1.00008165e+00 
 5.23655998e-03  5.40784221e+00  5.23655998e-03  1.00008031e+00 
 5.28655998e-03  5.41467538e+00  5.28655998e-03  1.00007923e+00 
 5.33655998e-03  5.42005080e+00  5.33655998e-03  1.00007838e+00 
 5.38655998e-03  5.42396701e+00  5.38655998e-03  1.00007777e+00 
 5.43655998e-03  5.42642289e+00  5.43655998e-03  1.00007739e+00 
 5.48655998e-03  5.42741774e+00  5.48655998e-03  1.00007724e+00 
 5.53655998e-03  5.42695118e+00  5.53655998e-03  1.00007731e+00 
 5.58655998e-03  5.42502324e+00  5.58655998e-03  1.00007761e+00 
 5.63655998e-03  5.42163431e+00  5.63655998e-03  1.00007814e+00 
 5.68655998e-03  5.41678513e+00  5.68655998e-03  1.00007890e+00 
 5.73655998e-03  5.41047683e+00  5.73655998e-03  1.00007990e+00 
 5.78655998e-03  5.40271091e+00  5.78655998e-03  1.00008114e+00 
 5.83655998e-03  5.39348921e+00  5.83655998e-03  1.00008265e+00 
 5.88655998e-03  5.38281397e+00  5.88655998e-03  1.00008443e+00 
 5.93655998e-03  5.37068776e+00  5.93655998e-03  1.00008650e+00 
 5.98655998e-03  5.35711353e+00  5.98655998e-03  1.00008887e+00 
 6.03655998e-03  5.34209460e+00  6.03655998e-03  1.00009157e+00 
 6.08655998e-03  5.32563463e+00  6.08655998e-03  1.00009463e+00 
 6.13655998e-03  5.30773767e+00  6.13655998e-03  1.00009807e+00 
 6.18655998e-03  5.28840809e+00  6.18655998e-03  1.00010192e+00 
 6.23655998e-03  5.26765064e+00  6.23655998e-03  1.00010623e+00 
 6.28655998e-03  5.24547043e+00  6.28655998e-03  1.00011104e+00 
 6.33655998e-03  5.22187291e+00  6.33655998e-03  1.00011639e+00 
 6.38655998e-03  5.19686389e+00  6.38655998e-03  1.00012234e+00 
 6.43655998e-03  5.17044952e+00  6.43655998e-03  1.00012896e+00 
 6.48655998e-03  5.14263632e+00  6.48655998e-03  1.00013632e+00 
 6.53655998e-03  5.11343114e+00  6.53655998e-03  1.00014449e+00 
 6.58655998e-03  5.08284119e+00  6.58655998e-03  1.00015358e+00 
 6.63655998e-03  5.05087401e+00  6.63655998e-03  1.00016370e+00 
 6.68655998e-03  5.01753750e+00  6.68655998e-03  1.00017495e+00 
 6.73655998e-03  4.98283988e+00  6.73655998e-03  1.00018749e+00 
 6.78655998e-03  4.94678972e+00  6.78655998e-03  1.00020147e+00 
 6.83655998e-03  4.90939593e+00  6.83655998e-03  1.00021707e+00 
 6.88655998e-03  4.87066775e+00  6.88655998e-03  1.00023451e+00 
 6.93655998e-03  4.83061475e+00  6.93655998e-03  1.00025402e+00 
 6.98655998e-03  4.78924685e+00  6.98655998e-03  1.00027587e+00 
 7.03655998e-03  4.74657428e+00  7.03655998e-03  1.00030038e+00 
 7.08655998e-03  4.70260760e+00  7.08655998e-03  1.00032792e+00 
 7.13655998e-03  4.65735770e+00  7.13655998e-03  1.00035890e+00 
 7.18655998e-03  4.61083579e+00  7.18655998e-03  1.00039381e+00 
 7.23655998e-03  4.56305340e+00  7.23655998e-03  1.00043320e+00 
 7.28655998e-03  4.51402239e+00  7.28655998e-03  1.00047771e+00 
 7.33655998e-03  4.46375494e+00  7.33655998e-03  1.00052810e+00 
 7.38655998e-03  4.41226353e+00  7.38655998e-03  1.00058524e+00 
 7.43655998e-03  4.35956097e+00  7.43655998e-03  1.00065013e+00 
 7.48655998e-03  4.30566038e+00  7.48655998e-03  1.00072393e+00 
 7.53655998e-03  4.25057520e+00  7.53655998e-03  1.00080803e+00 
 7.58655998e-03  4.19431919e+00  7.58655998e-03  1.00090400e+00 
 7.63655998e-03  4.13690640e+00  7.63655998e-03  1.00101370e+00 
 7.68655998e-03  4.07835122e+00  7.68655998e-03  1.00113931e+00 
 7.73655998e-03  4.01866836e+00  7.73655998e-03  1.00128335e+00 
 7.78655998e-03  3.95787283e+00  7.78655998e-03  1.00144881e+00 
 7.83655998e-03  3.89597999e+00  7.83655998e-03  1.00163918e+00 
 7.88655998e-03  3.83300550e+00  7.88655998e-03  1.00185855e+00 
 7.93655998e-03  3.76896538e+00  7.93655998e-03  1.00211174e+00 
 7.98655998e-03  3.70387598e+00  7.98655998e-03  1.00240442e+00 
 8.03655998e-03  3.63775403e+00  8.03655998e-03  1.00274325e+00 
 8.08655998e-03  3.57061658e+00  8.08655998e-03  1.00313612e+00 
 8.13655998e-03  3.50248112e+00  8.13655998e-03  1.00359231e+00 
 8.18655998e-03  3.43336551e+00  8.18655998e-03  1.00412278e+00 
 8.23655998e-03  3.36328806e+00  8.23655998e-03  1.00474051e+00 
 8.28655998e-03  3.29226751e+00  8.28655998e-03  1.00546081e+00 
 8.33655998e-03  3.22032314e+00  8.33655998e-03  1.00630183e+00 
 8.38655998e-03  3.14747475e+00  8.38655998e-03  1.00728504e+00 
 8.43655998e-03  3.07374274e+00  8.43655998e-03  1.00843587e+00 
 8.48655998e-03  2.99914818e+00  8.48655998e-03  1.00978444e+00 
 8.53655998e-03  2.92371287e+00  8.53655998e-03  1.01136641e+00 
 8.58655998e-03  2.84745945e+00  8.58655998e-03  1.01322402e+00 
 8.63655998e-03  2.77041152e+00  8.63655998e-03  1.01540724e+00 
 8.68655998e-03  2.69259376e+00  8.68655998e-03  1.01797519e+00 
 8.73655998e-03  2.61403208e+00  8.73655998e-03  1.02099768e+00 
 8.78655998e-03  2.53475385e+00  8.78655998e-03  1.02455707e+00 
 8.83655998e-03  2.45478808e+00  8.83655998e-03  1.02875027e+00 
 8.88655998e-03  2.37416572e+00  8.88655998e-03  1.03369109e+00 
 8.93655998e-03  2.29291993e+00  8.93655998e-03  1.03951267e+00 
 8.98655998e-03  2.21108649e+00  8.98655998e-03  1.04637015e+00 
 9.03655998e-03  2.12870416e+00  9.03655998e-03  1.05444331e+00 
 9.08655998e-03  2.04581522e+00  9.08655998e-03  1.06393916e+00 
 9.13655998e-03  1.96246593e+00  9.13655998e-03  1.07509405e+00 
 9.18655998e-03  1.87870718e+00  9.18655998e-03  1.08817503e+00 
 9.23655998e-03  1.79461015e+00  9.23655998e-03  1.10462042e+00 
 9.28655998e-03  1.71023794e+00  9.28655998e-03  1.12263670e+00 
 9.33655998e-03  1.62564547e+00  9.33655998e-03  1.14356276e+00 
 9.38655998e-03  1.54090911e+00  9.38655998e-03  1.16775796e+00 
 9.43655998e-03  1.45611304e+00  9.43655998e-03  1.19557930e+00 
 9.48655998e-03  1.37134966e+00  9.48655998e-03  1.22736003e+00 
 9.53655998e-03  1.28671964e+00  9.53655998e-03  1.26338122e+00 
 9.58655998e-03  1.20233172e+00  9.58655998e-03  1.30383597e+00 
 9.63655998e-03  1.11830186e+00  9.63655998e-03  1.34878741e+00 
 9.68655998e-03  1.03475191e+00  9.68655998e-03  1.39812323e+00 
 9.73655998e-03  9.51807373e-01  9.73655998e-03  1.45151135e+00 
 9.78655998e-03  8.69594550e-01  9.78655998e-03  1.50836333e+00 
 9.83655998e-03  7.88180369e-01  9.83655998e-03  1.56640320e+00 
 9.88655998e-03  7.07687083e-01  9.88655998e-03  1.62795101e+00 
 9.93655998e-03  6.28282506e-01  9.93655998e-03  1.68968669e+00 
 9.98655998e-03  5.50056160e-01  9.98655998e-03  1.75000386e+00 
 1.00365600e-02  4.73076328e-01  1.00365600e-02  1.80719383e+00 
 1.00865600e-02  3.97432657e-01  1.00865600e-02  1.85730486e+00 
 1.01365600e-02  3.23128887e-01  1.01365600e-02  1.90244789e+00 
 1.01865600e-02  2.50094846e-01  1.01865600e-02  1.93997117e+00 
 1.02365600e-02  1.78292103e-01  1.02365600e-02  1.96887364e+00 
 1.02865600e-02  1.07656997e-01  1.02865600e-02  1.98849894e+00 
 1.03365600e-02  3.81036254e-02  1.03365600e-02  1.99854952e+00 
 1.03865600e-02 -3.04723876e-02  1.03865600e-02  1.99907201e+00 
 1.04365600e-02 -9.81897007e-02  1.04365600e-02  1.99042041e+00 
 1.04865600e-02 -1.65176977e-01  1.04865600e-02  1.97320526e+00 
 1.05365600e-02 -2.31568774e-01  1.05365600e-02  1.94823627e+00 
 1.05865600e-02 -2.97501800e-01  1.05865600e-02  1.91646469e+00 
 1.06365600e-02 -3.63111629e-01  1.06365600e-02  1.87892948e+00 
 1.06865600e-02 -4.28529935e-01  1.06865600e-02  1.83670964e+00 
 1.07365600e-02 -4.93847656e-01  1.07365600e-02  1.79254079e+00 
 1.07865600e-02 -5.59184632e-01  1.07865600e-02  1.74364992e+00 
 1.08365600e-02 -6.24686108e-01  1.08365600e-02  1.69321662e+00 
 1.08865600e-02 -6.90450239e-01  1.08865600e-02  1.64215355e+00 
 1.09365600e-02 -7.56563955e-01  1.09365600e-02  1.59127870e+00 
 1.09865600e-02 -8.23102462e-01  1.09865600e-02  1.54130420e+00 
 1.10365600e-02 -8.90128997e-01  1.10365600e-02  1.49283166e+00 
 1.10865600e-02 -9.57694768e-01  1.10865600e-02  1.44635149e+00 
 1.11365600e-02 -1.02583907e+00  1.11365600e-02  1.40224561e+00 
 1.11865600e-02 -1.09462351e+00  1.11865600e-02  1.36230280e+00 
 1.12365600e-02 -1.16405884e+00  1.12365600e-02  1.32372694e+00 
 1.12865600e-02 -1.23411169e+00  1.12865600e-02  1.28805583e+00 
 1.13365600e-02 -1.30477880e+00  1.13365600e-02  1.25532018e+00 
 1.13865600e-02 -1.37604746e+00  1.13865600e-02  1.22548893e+00 
 1.14365600e-02 -1.44789636e+00  1.14365600e-02  1.19848066e+00 
 1.14865600e-02 -1.52029644e+00  1.14865600e-02  1.17417470e+00 
 1.15365600e-02 -1.59321183e+00  1.15365600e-02  1.15242138e+00 
 1.15865600e-02 -1.66660072e+00  1.15865600e-02  1.13305124e+00 
 1.16365600e-02 -1.74041627e+00  1.16365600e-02  1.11588312e+00 
 1.16865600e-02 -1.81459388e+00  1.16865600e-02  1.09971804e+00 
 1.17365600e-02 -1.88908222e+00  1.17365600e-02  1.08650247e+00 
 1.17865600e-02 -1.96384062e+00  1.17865600e-02  1.07492961e+00 
 1.18365600e-02 -2.03880967e+00  1.18365600e-02  1.06482653e+00 
 1.18865600e-02 -2.11392892e+00  1.18865600e-02  1.05603042e+00 
 1.19365600e-02 -2.18913747e+00  1.19365600e-02  1.04839044e+00 
 1.19865600e-02 -2.26437445e+00  1.19865600e-02  1.04176841e+00 
 1.20365600e-02 -2.33957949e+00  1.20365600e-02  1.03603896e+00 
 1.20865600e-02 -2.41469305e+00  1.20865600e-02  1.03108933e+00 
 1.21365600e-02 -2.48965675e+00  1.21365600e-02  1.02681881e+00 
 1.21865600e-02 -2.56441360e+00  1.21865600e-02  1.02313804e+00 
 1.22365600e-02 -2.63890817e+00  1.22365600e-02  1.01996817e+00 
 1.22865600e-02 -2.71308677e+00  1.22865600e-02  1.01723999e+00 
 1.23365600e-02 -2.78689751e+00  1.23365600e-02  1.01489294e+00 
 1.23865600e-02 -2.86029038e+00  1.23865600e-02  1.01287429e+00 
 1.24365600e-02 -2.93321730e+00  1.24365600e-02  1.01113826e+00 
 1.24865600e-02 -3.00563208e+00  1.24865600e-02  1.00964519e+00 
 1.25365600e-02 -3.07749045e+00  1.25365600e-02  1.00836081e+00 
 1.25865600e-02 -3.14875000e+00  1.25865600e-02  1.00725561e+00 
 1.26365600e-02 -3.21937016e+00  1.26365600e-02  1.00630416e+00 
 1.26865600e-02 -3.28931211e+00  1.26865600e-02  1.00548461e+00 
 1.27365600e-02 -3.35853876e+00  1.27365600e-02  1.00477822e+00 
 1.27865600e-02 -3.42701465e+00  1.27865600e-02  1.00416890e+00 
 1.28365600e-02 -3.49470591e+00  1.28365600e-02  1.00364287e+00 
 1.28865600e-02 -3.56158014e+00  1.28865600e-02  1.00318834e+00 
 1.29365600e-02 -3.62760640e+00  1.29365600e-02  1.00279519e+00 
 1.29865600e-02 -3.69275510e+00  1.29865600e-02  1.00245477e+00 
 1.30365600e-02 -3.75699793e+00  1.30365600e-02  1.00215968e+00 
 1.30865600e-02 -3.82030781e+00  1.30865600e-02  1.00190358e+00 
 1.31365600e-02 -3.88265882e+00  1.31365600e-02  1.00168105e+00 
 1.31865600e-02 -3.94402612e+00  1.31865600e-02  1.00148744e+00 
 1.32365600e-02 -4.00438593e+00  1.32365600e-02  1.00131877e+00 
 1.32865600e-02 -4.06371543e+00  1.32865600e-02  1.00117162e+00 
 1.33365600e-02 -4.12199276e+00  1.33365600e-02  1.00104308e+00 
 1.33865600e-02 -4.17919692e+00  1.33865600e-02  1.00093063e+00 
 1.34365600e-02 -4.23530776e+00  1.34365600e-02  1.00083211e+00 
 1.34865600e-02 -4.29030592e+00  1.34865600e-02  1.00074568e+00 
 1.35365600e-02 -4.34417279e+00  1.35365600e-02  1.00066973e+00 
 1.35865600e-02 -4.39689051e+00  1.35865600e-02  1.00060290e+00 
 1.36365600e-02 -4.44844188e+00  1.36365600e-02  1.00054400e+00 
 1.36865600e-02 -4.49881038e+00  1.36865600e-02  1.00049201e+00 
 1.37365600e-02 -4.54798010e+00  1.37365600e-02  1.00044606e+00 
 1.37865600e-02 -4.59593576e+00  1.37865600e-02  1.00040538e+00 
 1.38365600e-02 -4.64266265e+00  1.38365600e-02  1.00036931e+00 
 1.38865600e-02 -4.68814662e+00  1.38865600e-02  1.00033729e+00 
 1.39365600e-02 -4.73237408e+00  1.39365600e-02  1.00030882e+00 
 1.39865600e-02 -4.77533194e+00  1.39865600e-02  1.00028346e+00 
 1.40365600e-02 -4.81700764e+00  1.40365600e-02  1.00026086e+00 
 1.40865600e-02 -4.85738910e+00  1.40865600e-02  1.00024068e+00 
 1.41365600e-02 -4.89646475e+00  1.41365600e-02  1.00022264e+00 
 1.41865600e-02 -4.93422345e+00  1.41865600e-02  1.00020649e+00 
 1.42365600e-02 -4.97065455e+00  1.42365600e-02  1.00019202e+00 
 1.42865600e-02 -5.00574784e+00  1.42865600e-02  1.00017904e+00 
 1.43365600e-02 -5.03949356e+00  1.43365600e-02  1.00016739e+00 
 1.43865600e-02 -5.07188237e+00  1.43865600e-02  1.00015693e+00 
 1.44365600e-02 -5.10290536e+00  1.44365600e-02  1.00014751e+00 
 1.44865600e-02 -5.13255406e+00  1.44865600e-02  1.00013904e+00 
 1.45365600e-02 -5.16082040e+00  1.45365600e-02  1.00013143e+00 
 1.45865600e-02 -5.18769672e+00  1.45865600e-02  1.00012457e+00 
 1.46365600e-02 -5.21317576e+00  1.46365600e-02  1.00011840e+00 
 1.46865600e-02 -5.23725068e+00  1.46865600e-02  1.00011285e+00 
 1.47365600e-02 -5.25991502e+00  1.47365600e-02  1.00010786e+00 
 1.47865600e-02 -5.28116274e+00  1.47865600e-02  1.00010339e+00 
 1.48365600e-02 -5.30098817e+00  1.48365600e-02  1.00009938e+00 
 1.48865600e-02 -5.31938603e+00  1.48865600e-02  1.00009580e+00 
 1.49365600e-02 -5.33635143e+00  1.49365600e-02  1.00009262e+00 
 1.49865600e-02 -5.35187989e+00  1.49865600e-02  1.00008979e+00 
 1.50365600e-02 -5.36596729e+00  1.50365600e-02  1.00008731e+00 
 1.50865600e-02 -5.37860988e+00  1.50865600e-02  1.00008513e+00 
 1.51365600e-02 -5.38980432e+00  1.51365600e-02  1.00008325e+00 
 1.51865600e-02 -5.39954763e+00  1.51865600e-02  1.00008165e+00 
 1.52365600e-02 -5.40783721e+00  1.52365600e-02  1.00008031e+00 
 1.52865600e-02 -5.41467085e+00  1.52865600e-02  1.00007923e+00 
 1.53365600e-02 -5.42004671e+00  1.53365600e-02  1.00007838e+00 
 1.53865600e-02 -5.42396330e+00  1.53865600e-02  1.00007777e+00 
 1.54365600e-02 -5.42641954e+00  1.54365600e-02  1.00007739e+00 
 1.54865600e-02 -5.42741471e+00  1.54865600e-02  1.00007724e+00 
 1.55365600e-02 -5.42694844e+00  1.55365600e-02  1.00007731e+00 
 1.55865600e-02 -5.42502076e+00  1.55865600e-02  1.00007761e+00 
 1.56365600e-02 -5.42163206e+00  1.56365600e-02  1.00007814e+00 
 1.56865600e-02 -5.41678310e+00  1.56865600e-02  1.00007890e+00 
 1.57365600e-02 -5.41047500e+00  1.57365600e-02  1.00007990e+00 
 1.57865600e-02 -5.40270925e+00  1.57865600e-02  1.00008114e+00 
 1.58365600e-02 -5.39348771e+00  1.58365600e-02  1.00008265e+00 
 1.58865600e-02 -5.38281260e+00  1.58865600e-02  1.00008443e+00 
 1.59365600e-02 -5.37068652e+00  1.59365600e-02  1.00008650e+00 
 1.59865600e-02 -5.35711241e+00  1.59865600e-02  1.00008887e+00 
 1.60365600e-02 -5.34209359e+00  1.60365600e-02  1.00009157e+00 
 1.60865600e-02 -5.32563372e+00  1.60865600e-02  1.00009463e+00 
 1.61365600e-02 -5.30773684e+00  1.61365600e-02  1.00009807e+00 
 1.61865600e-02 -5.28840734e+00  1.61865600e-02  1.00010192e+00 
 1.62365600e-02 -5.26764997e+00  1.62365600e-02  1.00010623e+00 
 1.62865600e-02 -5.24546982e+00  1.62865600e-02  1.00011104e+00 
 1.63365600e-02 -5.22187236e+00  1.63365600e-02  1.00011639e+00 
 1.63865600e-02 -5.19686339e+00  1.63865600e-02  1.00012234e+00 
 1.64365600e-02 -5.17044907e+00  1.64365600e-02  1.00012896e+00 
 1.64865600e-02 -5.14263591e+00  1.64865600e-02  1.00013632e+00 
 1.65365600e-02 -5.11343077e+00  1.65365600e-02  1.00014449e+00 
 1.65865600e-02 -5.08284086e+00  1.65865600e-02  1.00015358e+00 
 1.66365600e-02 -5.05087371e+00  1.66365600e-02  1.00016370e+00 
 1.66865600e-02 -5.01753722e+00  1.66865600e-02  1.00017495e+00 
 1.67365600e-02 -4.98283963e+00  1.67365600e-02  1.00018749e+00 
 1.67865600e-02 -4.94678949e+00  1.67865600e-02  1.00020147e+00 
 1.68365600e-02 -4.90939572e+00  1.68365600e-02  1.00021707e+00 
 1.68865600e-02 -4.87066756e+00  1.68865600e-02  1.00023451e+00 
 1.69365600e-02 -4.83061459e+00  1.69365600e-02  1.00025402e+00 
 1.69865600e-02 -4.78924670e+00  1.69865600e-02  1.00027587e+00 
 1.70365600e-02 -4.74657415e+00  1.70365600e-02  1.00030038e+00 
 1.70865600e-02 -4.70260748e+00  1.70865600e-02  1.00032792e+00 
 1.71365600e-02 -4.65735759e+00  1.71365600e-02  1.00035890e+00 
 1.71865600e-02 -4.61083568e+00  1.71865600e-02  1.00039381e+00 
 1.72365600e-02 -4.56305331e+00  1.72365600e-02  1.00043320e+00 
 1.72865600e-02 -4.51402231e+00  1.72865600e-02  1.00047771e+00 
 1.73365600e-02 -4.46375487e+00  1.73365600e-02  1.00052810e+00 
 1.73865600e-02 -4.41226346e+00  1.73865600e-02  1.00058524e+00 
 1.74365600e-02 -4.35956091e+00  1.74365600e-02  1.00065013e+00 
 1.74865600e-02 -4.30566033e+00  1.74865600e-02  1.00072393e+00 
 1.75365600e-02 -4.25057515e+00  1.75365600e-02  1.00080803e+00 
 1.75865600e-02 -4.19431914e+00  1.75865600e-02  1.00090400e+00 
 1.76365600e-02 -4.13690636e+00  1.76365600e-02  1.00101370e+00 
 1.76865600e-02 -4.07835119e+00  1.76865600e-02  1.00113931e+00 
 1.77365600e-02 -4.01866833e+00  1.77365600e-02  1.00128335e+00 
 1.77865600e-02 -3.95787280e+00  1.77865600e-02  1.00144881e+00 
 1.78365600e-02 -3.89597996e+00  1.78365600e-02  1.00163918e+00 
 1.78865600e-02 -3.83300547e+00  1.78865600e-02  1.00185855e+00 
 1.79365600e-02 -3.76896536e+00  1.79365600e-02  1.00211174e+00 
 1.79865600e-02 -3.70387596e+00  1.79865600e-02  1.00240442e+00 
 1.80365600e-02 -3.63775401e+00  1.80365600e-02  1.00274325e+00 
 1.80865600e-02 -3.57061657e+00  1.80865600e-02  1.00313612e+00 
 1.81365600e-02 -3.50248111e+00  1.81365600e-02  1.00359231e+00 
 1.81865600e-02 -3.43336550e+00  1.81865600e-02  1.00412278e+00 
 1.82365600e-02 -3.36328804e+00  1.82365600e-02  1.00474051e+00 
 1.82865600e-02 -3.29226750e+00  1.82865600e-02  1.00546081e+00 
 1.83365600e-02 -3.22032313e+00  1.83365600e-02  1.00630183e+00 
 1.83865600e-02 -3.14747475e+00  1.83865600e-02  1.00728504e+00 
 1.84365600e-02 -3.07374274e+00  1.84365600e-02  1.00843587e+00 
 1.84865600e-02 -2.99914817e+00  1.84865600e-02  1.00978444e+00 
 1.85365600e-02 -2.92371286e+00  1.85365600e-02  1.01136641e+00 
 1.85865600e-02 -2.84745944e+00  1.85865600e-02  1.01322402e+00 
 1.86365600e-02 -2.77041152e+00  1.86365600e-02  1.01540724e+00 
 1.86865600e-02 -2.69259375e+00  1.86865600e-02  1.01797519e+00 
 1.87365600e-02 -2.61403208e+00  1.87365600e-02  1.02099768e+00 
 1.87865600e-02 -2.53475385e+00  1.87865600e-02  1.02455707e+00 
 1.88365600e-02 -2.45478808e+00  1.88365600e-02  1.02875027e+00 
 1.88865600e-02 -2.37416571e+00  1.88865600e-02  1.03369109e+00 
 1.89365600e-02 -2.29291993e+00  1.89365600e-02  1.03951267e+00 
 1.89865600e-02 -2.21108648e+00  1.89865600e-02  1.04637015e+00 
 1.90365600e-02 -2.12870416e+00  1.90365600e-02  1.05444331e+00 
 1.90865600e-02 -2.04581522e+00  1.90865600e-02  1.06393916e+00 
 1.91365600e-02 -1.96246593e+00  1.91365600e-02  1.07509405e+00 
 1.91865600e-02 -1.87870718e+00  1.91865600e-02  1.08817503e+00 
 1.92365600e-02 -1.79461014e+00  1.92365600e-02  1.10462042e+00 
 1.92865600e-02 -1.71023794e+00  1.92865600e-02  1.12263670e+00 
 1.93365600e-02 -1.62564547e+00  1.93365600e-02  1.14356276e+00 
 1.93865600e-02 -1.54090910e+00  1.93865600e-02  1.16775796e+00 
 1.94365600e-02 -1.45611304e+00  1.94365600e-02  1.19557930e+00 
 1.94865600e-02 -1.37134965e+00  1.94865600e-02  1.22736003e+00 
 1.95365600e-02 -1.28671964e+00  1.95365600e-02  1.26338122e+00 
 1.95865600e-02 -1.20233172e+00  1.95865600e-02  1.30383597e+00 
 1.96365600e-02 -1.11830186e+00  1.96365600e-02  1.34878741e+00 
 1.96865600e-02 -1.03475191e+00  1.96865600e-02  1.39812323e+00 
 1.97365600e-02 -9.51807373e-01  1.97365600e-02  1.45151135e+00 
 1.97865600e-02 -8.69594550e-01  1.97865600e-02  1.50836333e+00 
 1.98365600e-02 -7.88180369e-01  1.98365600e-02  1.56640320e+00 
 1.98865600e-02 -7.07687082e-01  1.98865600e-02  1.62795101e+00 
 1.99365600e-02 -6.28282505e-01  1.99365600e-02  1.68968669e+00 
 1.99682800e-02 -5.78533734e-01  1.99682800e-02  1.72812271e+00 
 2.00000000e-02 -5.29298098e-01  2.00000000e-02  1.76532313e+00 
