 0.00000000e+00 -1.00000000e+00  0.00000000e+00 -6.00000000e+01 
 2.00000000e-09 -9.99920000e-01  2.00000000e-09 -6.00000000e+01 
 4.00000000e-09 -9.99840000e-01  4.00000000e-09 -6.00000000e+01 
 8.00000000e-09 -9.99680000e-01  8.00000000e-09 -6.00000000e+01 
 1.60000000e-08 -9.99360000e-01  1.60000000e-08 -6.00000000e+01 
 3.20000000e-08 -9.98720000e-01  3.20000000e-08 -6.00000000e+01 
 6.40000000e-08 -9.97440000e-01  6.40000000e-08 -6.00000000e+01 
 1.28000000e-07 -9.94880000e-01  1.28000000e-07 -6.00000000e+01 
 2.56000000e-07 -9.89760000e-01  2.56000000e-07 -6.00000000e+01 
 4.56000000e-07 -9.81760000e-01  4.56000000e-07 -6.00000000e+01 
 6.56000000e-07 -9.73760000e-01  6.56000000e-07 -6.00000000e+01 
 8.56000000e-07 -9.65760000e-01  8.56000000e-07 -6.00000000e+01 
 1.05600000e-06 -9.57760000e-01  1.05600000e-06 -6.00000000e+01 
 1.25600000e-06 -9.49760000e-01  1.25600000e-06 -6.00000000e+01 
 1.45600000e-06 -9.41760000e-01  1.45600000e-06 -6.00000000e+01 
 1.65600000e-06 -9.33760000e-01  1.65600000e-06 -5.60000000e+01 
 1.85600000e-06 -9.25760000e-01  1.85600000e-06 -5.60000000e+01 
 2.05600000e-06 -9.17760000e-01  2.05600000e-06 -5.60000000e+01 
 2.25600000e-06 -9.09760000e-01  2.25600000e-06 -5.60000000e+01 
 2.45600000e-06 -9.01760000e-01  2.45600000e-06 -5.60000000e+01 
 2.65600000e-06 -8.93760000e-01  2.65600000e-06 -5.60000000e+01 
 2.85600000e-06 -8.85760000e-01  2.85600000e-06 -5.60000000e+01 
 3.05600000e-06 -8.77760000e-01  3.05600000e-06 -5.60000000e+01 
 3.25600000e-06 -8.69760000e-01  3.25600000e-06 -5.20000000e+01 
 3.45600000e-06 -8.61760000e-01  3.45600000e-06 -5.20000000e+01 
 3.65600000e-06 -8.53760000e-01  3.65600000e-06 -5.20000000e+01 
 3.85600000e-06 -8.45760000e-01  3.85600000e-06 -5.20000000e+01 
 4.05600000e-06 -8.37760000e-01  4.05600000e-06 -5.20000000e+01 
 4.25600000e-06 -8.29760000e-01  4.25600000e-06 -5.20000000e+01 
 4.45600000e-06 -8.21760000e-01  4.45600000e-06 -5.20000000e+01 
 4.65600000e-06 -8.13760000e-01  4.65600000e-06 -5.20000000e+01 
 4.85600000e-06 -8.05760000e-01  4.85600000e-06 -4.80000000e+01 
 5.05600000e-06 -7.97760000e-01  5.05600000e-06 -4.80000000e+01 
 5.25600000e-06 -7.89760000e-01  5.25600000e-06 -4.80000000e+01 
 5.45600000e-06 -7.81760000e-01  5.45600000e-06 -4.80000000e+01 
 5.65600000e-06 -7.73760000e-01  5.65600000e-06 -4.80000000e+01 
 5.85600000e-06 -7.65760000e-01  5.85600000e-06 -4.80000000e+01 
 6.05600000e-06 -7.57760000e-01  6.05600000e-06 -4.80000000e+01 
 6.25600000e-06 -7.49760000e-01  6.25600000e-06 -4.50000000e+01 
 6.45600000e-06 -7.41760000e-01  6.45600000e-06 -4.50000000e+01 
 6.65600000e-06 -7.33760000e-01  6.65600000e-06 -4.50000000e+01 
 6.85600000e-06 -7.25760000e-01  6.85600000e-06 -4.50000000e+01 
 7.05600000e-06 -7.17760000e-01  7.05600000e-06 -4.50000000e+01 
 7.25600000e-06 -7.09760000e-01  7.25600000e-06 -4.50000000e+01 
 7.45600000e-06 -7.01760000e-01  7.45600000e-06 -4.50000000e+01 
 7.65600000e-06 -6.93760000e-01  7.65600000e-06 -4.50000000e+01 
 7.85600000e-06 -6.85760000e-01  7.85600000e-06 -4.10000000e+01 
 8.05600000e-06 -6.77760000e-01  8.05600000e-06 -4.10000000e+01 
 8.25600000e-06 -6.69760000e-01  8.25600000e-06 -4.10000000e+01 
 8.45600000e-06 -6.61760000e-01  8.45600000e-06 -4.10000000e+01 
 8.65600000e-06 -6.53760000e-01  8.65600000e-06 -4.10000000e+01 
 8.85600000e-06 -6.45760000e-01  8.85600000e-06 -4.10000000e+01 
 9.05600000e-06 -6.37760000e-01  9.05600000e-06 -4.10000000e+01 
 9.25600000e-06 -6.29760000e-01  9.25600000e-06 -4.10000000e+01 
 9.45600000e-06 -6.21760000e-01  9.45600000e-06 -3.70000000e+01 
 9.65600000e-06 -6.13760000e-01  9.65600000e-06 -3.70000000e+01 
 9.85600000e-06 -6.05760000e-01  9.85600000e-06 -3.70000000e+01 
 1.00560000e-05 -5.97760000e-01  1.00560000e-05 -3.70000000e+01 
 1.02560000e-05 -5.89760000e-01  1.02560000e-05 -3.70000000e+01 
 1.04560000e-05 -5.81760000e-01  1.04560000e-05 -3.70000000e+01 
 1.06560000e-05 -5.73760000e-01  1.06560000e-05 -3.70000000e+01 
 1.08560000e-05 -5.65760000e-01  1.08560000e-05 -3.70000000e+01 
 1.10560000e-05 -5.57760000e-01  1.10560000e-05 -3.30000000e+01 
 1.12560000e-05 -5.49760000e-01  1.12560000e-05 -3.30000000e+01 
 1.14560000e-05 -5.41760000e-01  1.14560000e-05 -3.30000000e+01 
 1.16560000e-05 -5.33760000e-01  1.16560000e-05 -3.30000000e+01 
 1.18560000e-05 -5.25760000e-01  1.18560000e-05 -3.30000000e+01 
 1.20560000e-05 -5.17760000e-01  1.20560000e-05 -3.30000000e+01 
 1.22560000e-05 -5.09760000e-01  1.22560000e-05 -3.30000000e+01 
 1.24560000e-05 -5.01760000e-01  1.24560000e-05 -3.30000000e+01 
 1.26560000e-05 -4.93760000e-01  1.26560000e-05 -3.00000000e+01 
 1.28560000e-05 -4.85760000e-01  1.28560000e-05 -3.00000000e+01 
 1.30560000e-05 -4.77760000e-01  1.30560000e-05 -3.00000000e+01 
 1.32560000e-05 -4.69760000e-01  1.32560000e-05 -3.00000000e+01 
 1.34560000e-05 -4.61760000e-01  1.34560000e-05 -3.00000000e+01 
 1.36560000e-05 -4.53760000e-01  1.36560000e-05 -3.00000000e+01 
 1.38560000e-05 -4.45760000e-01  1.38560000e-05 -3.00000000e+01 
 1.40560000e-05 -4.37760000e-01  1.40560000e-05 -3.00000000e+01 
 1.42560000e-05 -4.29760000e-01  1.42560000e-05 -2.60000000e+01 
 1.44560000e-05 -4.21760000e-01  1.44560000e-05 -2.60000000e+01 
 1.46560000e-05 -4.13760000e-01  1.46560000e-05 -2.60000000e+01 
 1.48560000e-05 -4.05760000e-01  1.48560000e-05 -2.60000000e+01 
 1.50560000e-05 -3.97760000e-01  1.50560000e-05 -2.60000000e+01 
 1.52560000e-05 -3.89760000e-01  1.52560000e-05 -2.60000000e+01 
 1.54560000e-05 -3.81760000e-01  1.54560000e-05 -2.60000000e+01 
 1.56560000e-05 -3.73760000e-01  1.56560000e-05 -2.20000000e+01 
 1.58560000e-05 -3.65760000e-01  1.58560000e-05 -2.20000000e+01 
 1.60560000e-05 -3.57760000e-01  1.60560000e-05 -2.20000000e+01 
 1.62560000e-05 -3.49760000e-01  1.62560000e-05 -2.20000000e+01 
 1.64560000e-05 -3.41760000e-01  1.64560000e-05 -2.20000000e+01 
 1.66560000e-05 -3.33760000e-01  1.66560000e-05 -2.20000000e+01 
 1.68560000e-05 -3.25760000e-01  1.68560000e-05 -2.20000000e+01 
 1.70560000e-05 -3.17760000e-01  1.70560000e-05 -2.20000000e+01 
 1.72560000e-05 -3.09760000e-01  1.72560000e-05 -1.80000000e+01 
 1.74560000e-05 -3.01760000e-01  1.74560000e-05 -1.80000000e+01 
 1.76560000e-05 -2.93760000e-01  1.76560000e-05 -1.80000000e+01 
 1.78560000e-05 -2.85760000e-01  1.78560000e-05 -1.80000000e+01 
 1.80560000e-05 -2.77760000e-01  1.80560000e-05 -1.80000000e+01 
 1.82560000e-05 -2.69760000e-01  1.82560000e-05 -1.80000000e+01 
 1.84560000e-05 -2.61760000e-01  1.84560000e-05 -1.80000000e+01 
 1.86560000e-05 -2.53760000e-01  1.86560000e-05 -1.80000000e+01 
 1.88560000e-05 -2.45760000e-01  1.88560000e-05 -1.50000000e+01 
 1.90560000e-05 -2.37760000e-01  1.90560000e-05 -1.50000000e+01 
 1.92560000e-05 -2.29760000e-01  1.92560000e-05 -1.50000000e+01 
 1.94560000e-05 -2.21760000e-01  1.94560000e-05 -1.50000000e+01 
 1.96560000e-05 -2.13760000e-01  1.96560000e-05 -1.50000000e+01 
 1.98560000e-05 -2.05760000e-01  1.98560000e-05 -1.50000000e+01 
 2.00560000e-05 -1.97760000e-01  2.00560000e-05 -1.50000000e+01 
 2.02560000e-05 -1.89760000e-01  2.02560000e-05 -1.50000000e+01 
 2.04560000e-05 -1.81760000e-01  2.04560000e-05 -1.10000000e+01 
 2.06560000e-05 -1.73760000e-01  2.06560000e-05 -1.10000000e+01 
 2.08560000e-05 -1.65760000e-01  2.08560000e-05 -1.10000000e+01 
 2.10560000e-05 -1.57760000e-01  2.10560000e-05 -1.10000000e+01 
 2.12560000e-05 -1.49760000e-01  2.12560000e-05 -1.10000000e+01 
 2.14560000e-05 -1.41760000e-01  2.14560000e-05 -1.10000000e+01 
 2.16560000e-05 -1.33760000e-01  2.16560000e-05 -1.10000000e+01 
 2.18560000e-05 -1.25760000e-01  2.18560000e-05 -1.10000000e+01 
 2.20560000e-05 -1.17760000e-01  2.20560000e-05 -7.00000000e+00 
 2.22560000e-05 -1.09760000e-01  2.22560000e-05 -7.00000000e+00 
 2.24560000e-05 -1.01760000e-01  2.24560000e-05 -7.00000000e+00 
 2.26560000e-05 -9.37600000e-02  2.26560000e-05 -7.00000000e+00 
 2.28560000e-05 -8.57600000e-02  2.28560000e-05 -7.00000000e+00 
 2.30560000e-05 -7.77600000e-02  2.30560000e-05 -7.00000000e+00 
 2.32560000e-05 -6.97600000e-02  2.32560000e-05 -7.00000000e+00 
 2.34560000e-05 -6.17600000e-02  2.34560000e-05 -3.00000000e+00 
 2.36560000e-05 -5.37600000e-02  2.36560000e-05 -3.00000000e+00 
 2.38560000e-05 -4.57600000e-02  2.38560000e-05 -3.00000000e+00 
 2.40560000e-05 -3.77600000e-02  2.40560000e-05 -3.00000000e+00 
 2.42560000e-05 -2.97600000e-02  2.42560000e-05 -3.00000000e+00 
 2.44560000e-05 -2.17600000e-02  2.44560000e-05 -3.00000000e+00 
 2.46560000e-05 -1.37600000e-02  2.46560000e-05 -3.00000000e+00 
 2.48560000e-05 -5.76000000e-03  2.48560000e-05 -3.00000000e+00 
 2.50560000e-05  2.24000000e-03  2.50560000e-05  0.00000000e+00 
 2.52560000e-05  1.02400000e-02  2.52560000e-05  0.00000000e+00 
 2.54560000e-05  1.82400000e-02  2.54560000e-05  0.00000000e+00 
 2.56560000e-05  2.62400000e-02  2.56560000e-05  0.00000000e+00 
 2.58560000e-05  3.42400000e-02  2.58560000e-05  0.00000000e+00 
 2.60560000e-05  4.22400000e-02  2.60560000e-05  0.00000000e+00 
 2.62560000e-05  5.02400000e-02  2.62560000e-05  0.00000000e+00 
 2.64560000e-05  5.82400000e-02  2.64560000e-05  0.00000000e+00 
 2.66560000e-05  6.62400000e-02  2.66560000e-05  4.00000000e+00 
 2.68560000e-05  7.42400000e-02  2.68560000e-05  4.00000000e+00 
 2.70560000e-05  8.22400000e-02  2.70560000e-05  4.00000000e+00 
 2.72560000e-05  9.02400000e-02  2.72560000e-05  4.00000000e+00 
 2.74560000e-05  9.82400000e-02  2.74560000e-05  4.00000000e+00 
 2.76560000e-05  1.06240000e-01  2.76560000e-05  4.00000000e+00 
 2.78560000e-05  1.14240000e-01  2.78560000e-05  4.00000000e+00 
 2.80560000e-05  1.22240000e-01  2.80560000e-05  4.00000000e+00 
 2.82560000e-05  1.30240000e-01  2.82560000e-05  8.00000000e+00 
 2.84560000e-05  1.38240000e-01  2.84560000e-05  8.00000000e+00 
 2.86560000e-05  1.46240000e-01  2.86560000e-05  8.00000000e+00 
 2.88560000e-05  1.54240000e-01  2.88560000e-05  8.00000000e+00 
 2.90560000e-05  1.62240000e-01  2.90560000e-05  8.00000000e+00 
 2.92560000e-05  1.70240000e-01  2.92560000e-05  8.00000000e+00 
 2.94560000e-05  1.78240000e-01  2.94560000e-05  8.00000000e+00 
 2.96560000e-05  1.86240000e-01  2.96560000e-05  8.00000000e+00 
 2.98560000e-05  1.94240000e-01  2.98560000e-05  1.20000000e+01 
 3.00560000e-05  2.02240000e-01  3.00560000e-05  1.20000000e+01 
 3.02560000e-05  2.10240000e-01  3.02560000e-05  1.20000000e+01 
 3.04560000e-05  2.18240000e-01  3.04560000e-05  1.20000000e+01 
 3.06560000e-05  2.26240000e-01  3.06560000e-05  1.20000000e+01 
 3.08560000e-05  2.34240000e-01  3.08560000e-05  1.20000000e+01 
 3.10560000e-05  2.42240000e-01  3.10560000e-05  1.20000000e+01 
 3.12560000e-05  2.50240000e-01  3.12560000e-05  1.50000000e+01 
 3.14560000e-05  2.58240000e-01  3.14560000e-05  1.50000000e+01 
 3.16560000e-05  2.66240000e-01  3.16560000e-05  1.50000000e+01 
 3.18560000e-05  2.74240000e-01  3.18560000e-05  1.50000000e+01 
 3.20560000e-05  2.82240000e-01  3.20560000e-05  1.50000000e+01 
 3.22560000e-05  2.90240000e-01  3.22560000e-05  1.50000000e+01 
 3.24560000e-05  2.98240000e-01  3.24560000e-05  1.50000000e+01 
 3.26560000e-05  3.06240000e-01  3.26560000e-05  1.50000000e+01 
 3.28560000e-05  3.14240000e-01  3.28560000e-05  1.90000000e+01 
 3.30560000e-05  3.22240000e-01  3.30560000e-05  1.90000000e+01 
 3.32560000e-05  3.30240000e-01  3.32560000e-05  1.90000000e+01 
 3.34560000e-05  3.38240000e-01  3.34560000e-05  1.90000000e+01 
 3.36560000e-05  3.46240000e-01  3.36560000e-05  1.90000000e+01 
 3.38560000e-05  3.54240000e-01  3.38560000e-05  1.90000000e+01 
 3.40560000e-05  3.62240000e-01  3.40560000e-05  1.90000000e+01 
 3.42560000e-05  3.70240000e-01  3.42560000e-05  1.90000000e+01 
 3.44560000e-05  3.78240000e-01  3.44560000e-05  2.30000000e+01 
 3.46560000e-05  3.86240000e-01  3.46560000e-05  2.30000000e+01 
 3.48560000e-05  3.94240000e-01  3.48560000e-05  2.30000000e+01 
 3.50560000e-05  4.02240000e-01  3.50560000e-05  2.30000000e+01 
 3.52560000e-05  4.10240000e-01  3.52560000e-05  2.30000000e+01 
 3.54560000e-05  4.18240000e-01  3.54560000e-05  2.30000000e+01 
 3.56560000e-05  4.26240000e-01  3.56560000e-05  2.30000000e+01 
 3.58560000e-05  4.34240000e-01  3.58560000e-05  2.30000000e+01 
 3.60560000e-05  4.42240000e-01  3.60560000e-05  2.70000000e+01 
 3.62560000e-05  4.50240000e-01  3.62560000e-05  2.70000000e+01 
 3.64560000e-05  4.58240000e-01  3.64560000e-05  2.70000000e+01 
 3.66560000e-05  4.66240000e-01  3.66560000e-05  2.70000000e+01 
 3.68560000e-05  4.74240000e-01  3.68560000e-05  2.70000000e+01 
 3.70560000e-05  4.82240000e-01  3.70560000e-05  2.70000000e+01 
 3.72560000e-05  4.90240000e-01  3.72560000e-05  2.70000000e+01 
 3.74560000e-05  4.98240000e-01  3.74560000e-05  2.70000000e+01 
 3.76560000e-05  5.06240000e-01  3.76560000e-05  3.00000000e+01 
 3.78560000e-05  5.14240000e-01  3.78560000e-05  3.00000000e+01 
 3.80560000e-05  5.22240000e-01  3.80560000e-05  3.00000000e+01 
 3.82560000e-05  5.30240000e-01  3.82560000e-05  3.00000000e+01 
 3.84560000e-05  5.38240000e-01  3.84560000e-05  3.00000000e+01 
 3.86560000e-05  5.46240000e-01  3.86560000e-05  3.00000000e+01 
 3.88560000e-05  5.54240000e-01  3.88560000e-05  3.00000000e+01 
 3.90560000e-05  5.62240000e-01  3.90560000e-05  3.00000000e+01 
 3.92560000e-05  5.70240000e-01  3.92560000e-05  3.40000000e+01 
 3.94560000e-05  5.78240000e-01  3.94560000e-05  3.40000000e+01 
 3.96560000e-05  5.86240000e-01  3.96560000e-05  3.40000000e+01 
 3.98560000e-05  5.94240000e-01  3.98560000e-05  3.40000000e+01 
 4.00560000e-05  6.02240000e-01  4.00560000e-05  3.40000000e+01 
 4.02560000e-05  6.10240000e-01  4.02560000e-05  3.40000000e+01 
 4.04560000e-05  6.18240000e-01  4.04560000e-05  3.40000000e+01 
 4.06560000e-05  6.26240000e-01  4.06560000e-05  3.80000000e+01 
 4.08560000e-05  6.34240000e-01  4.08560000e-05  3.80000000e+01 
 4.10560000e-05  6.42240000e-01  4.10560000e-05  3.80000000e+01 
 4.12560000e-05  6.50240000e-01  4.12560000e-05  3.80000000e+01 
 4.14560000e-05  6.58240000e-01  4.14560000e-05  3.80000000e+01 
 4.16560000e-05  6.66240000e-01  4.16560000e-05  3.80000000e+01 
 4.18560000e-05  6.74240000e-01  4.18560000e-05  3.80000000e+01 
 4.20560000e-05  6.82240000e-01  4.20560000e-05  3.80000000e+01 
 4.22560000e-05  6.90240000e-01  4.22560000e-05  4.20000000e+01 
 4.24560000e-05  6.98240000e-01  4.24560000e-05  4.20000000e+01 
 4.26560000e-05  7.06240000e-01  4.26560000e-05  4.20000000e+01 
 4.28560000e-05  7.14240000e-01  4.28560000e-05  4.20000000e+01 
 4.30560000e-05  7.22240000e-01  4.30560000e-05  4.20000000e+01 
 4.32560000e-05  7.30240000e-01  4.32560000e-05  4.20000000e+01 
 4.34560000e-05  7.38240000e-01  4.34560000e-05  4.20000000e+01 
 4.36560000e-05  7.46240000e-01  4.36560000e-05  4.20000000e+01 
 4.38560000e-05  7.54240000e-01  4.38560000e-05  4.50000000e+01 
 4.40560000e-05  7.62240000e-01  4.40560000e-05  4.50000000e+01 
 4.42560000e-05  7.70240000e-01  4.42560000e-05  4.50000000e+01 
 4.44560000e-05  7.78240000e-01  4.44560000e-05  4.50000000e+01 
 4.46560000e-05  7.86240000e-01  4.46560000e-05  4.50000000e+01 
 4.48560000e-05  7.94240000e-01  4.48560000e-05  4.50000000e+01 
 4.50560000e-05  8.02240000e-01  4.50560000e-05  4.50000000e+01 
 4.52560000e-05  8.10240000e-01  4.52560000e-05  4.50000000e+01 
 4.54560000e-05  8.18240000e-01  4.54560000e-05  4.90000000e+01 
 4.56560000e-05  8.26240000e-01  4.56560000e-05  4.90000000e+01 
 4.58560000e-05  8.34240000e-01  4.58560000e-05  4.90000000e+01 
 4.60560000e-05  8.42240000e-01  4.60560000e-05  4.90000000e+01 
 4.62560000e-05  8.50240000e-01  4.62560000e-05  4.90000000e+01 
 4.64560000e-05  8.58240000e-01  4.64560000e-05  4.90000000e+01 
 4.66560000e-05  8.66240000e-01  4.66560000e-05  4.90000000e+01 
 4.68560000e-05  8.74240000e-01  4.68560000e-05  4.90000000e+01 
 4.70560000e-05  8.82240000e-01  4.70560000e-05  5.30000000e+01 
 4.72560000e-05  8.90240000e-01  4.72560000e-05  5.30000000e+01 
 4.74560000e-05  8.98240000e-01  4.74560000e-05  5.30000000e+01 
 4.76560000e-05  9.06240000e-01  4.76560000e-05  5.30000000e+01 
 4.78560000e-05  9.14240000e-01  4.78560000e-05  5.30000000e+01 
 4.80560000e-05  9.22240000e-01  4.80560000e-05  5.30000000e+01 
 4.82560000e-05  9.30240000e-01  4.82560000e-05  5.30000000e+01 
 4.84560000e-05  9.38240000e-01  4.84560000e-05  5.70000000e+01 
 4.86560000e-05  9.46240000e-01  4.86560000e-05  5.70000000e+01 
 4.88560000e-05  9.54240000e-01  4.88560000e-05  5.70000000e+01 
 4.90560000e-05  9.62240000e-01  4.90560000e-05  5.70000000e+01 
 4.92560000e-05  9.70240000e-01  4.92560000e-05  5.70000000e+01 
 4.94560000e-05  9.78240000e-01  4.94560000e-05  5.70000000e+01 
 4.96560000e-05  9.86240000e-01  4.96560000e-05  5.70000000e+01 
 4.98280000e-05  9.93120000e-01  4.98280000e-05  5.70000000e+01 
 5.00000000e-05  1.00000000e+00  5.00000000e-05  6.00000000e+01 
 5.00200000e-05  9.99200000e-01  5.00200000e-05  5.70000000e+01 
 5.00600000e-05  9.97600000e-01  5.00600000e-05  5.70000000e+01 
 5.01400000e-05  9.94400000e-01  5.01400000e-05  5.70000000e+01 
 5.03000000e-05  9.88000000e-01  5.03000000e-05  5.70000000e+01 
 5.05000000e-05  9.80000000e-01  5.05000000e-05  5.70000000e+01 
 5.07000000e-05  9.72000000e-01  5.07000000e-05  5.70000000e+01 
 5.09000000e-05  9.64000000e-01  5.09000000e-05  5.70000000e+01 
 5.11000000e-05  9.56000000e-01  5.11000000e-05  5.70000000e+01 
 5.13000000e-05  9.48000000e-01  5.13000000e-05  5.70000000e+01 
 5.15000000e-05  9.40000000e-01  5.15000000e-05  5.70000000e+01 
 5.17000000e-05  9.32000000e-01  5.17000000e-05  5.30000000e+01 
 5.19000000e-05  9.24000000e-01  5.19000000e-05  5.30000000e+01 
 5.21000000e-05  9.16000000e-01  5.21000000e-05  5.30000000e+01 
 5.23000000e-05  9.08000000e-01  5.23000000e-05  5.30000000e+01 
 5.25000000e-05  9.00000000e-01  5.25000000e-05  5.30000000e+01 
 5.27000000e-05  8.92000000e-01  5.27000000e-05  5.30000000e+01 
 5.29000000e-05  8.84000000e-01  5.29000000e-05  5.30000000e+01 
 5.31000000e-05  8.76000000e-01  5.31000000e-05  5.30000000e+01 
 5.33000000e-05  8.68000000e-01  5.33000000e-05  4.90000000e+01 
 5.35000000e-05  8.60000000e-01  5.35000000e-05  4.90000000e+01 
 5.37000000e-05  8.52000000e-01  5.37000000e-05  4.90000000e+01 
 5.39000000e-05  8.44000000e-01  5.39000000e-05  4.90000000e+01 
 5.41000000e-05  8.36000000e-01  5.41000000e-05  4.90000000e+01 
 5.43000000e-05  8.28000000e-01  5.43000000e-05  4.90000000e+01 
 5.45000000e-05  8.20000000e-01  5.45000000e-05  4.90000000e+01 
 5.47000000e-05  8.12000000e-01  5.47000000e-05  4.50000000e+01 
 5.49000000e-05  8.04000000e-01  5.49000000e-05  4.50000000e+01 
 5.51000000e-05  7.96000000e-01  5.51000000e-05  4.50000000e+01 
 5.53000000e-05  7.88000000e-01  5.53000000e-05  4.50000000e+01 
 5.55000000e-05  7.80000000e-01  5.55000000e-05  4.50000000e+01 
 5.57000000e-05  7.72000000e-01  5.57000000e-05  4.50000000e+01 
 5.59000000e-05  7.64000000e-01  5.59000000e-05  4.50000000e+01 
 5.61000000e-05  7.56000000e-01  5.61000000e-05  4.50000000e+01 
 5.63000000e-05  7.48000000e-01  5.63000000e-05  4.20000000e+01 
 5.65000000e-05  7.40000000e-01  5.65000000e-05  4.20000000e+01 
 5.67000000e-05  7.32000000e-01  5.67000000e-05  4.20000000e+01 
 5.69000000e-05  7.24000000e-01  5.69000000e-05  4.20000000e+01 
 5.71000000e-05  7.16000000e-01  5.71000000e-05  4.20000000e+01 
 5.73000000e-05  7.08000000e-01  5.73000000e-05  4.20000000e+01 
 5.75000000e-05  7.00000000e-01  5.75000000e-05  4.20000000e+01 
 5.77000000e-05  6.92000000e-01  5.77000000e-05  4.20000000e+01 
 5.79000000e-05  6.84000000e-01  5.79000000e-05  3.80000000e+01 
 5.81000000e-05  6.76000000e-01  5.81000000e-05  3.80000000e+01 
 5.83000000e-05  6.68000000e-01  5.83000000e-05  3.80000000e+01 
 5.85000000e-05  6.60000000e-01  5.85000000e-05  3.80000000e+01 
 5.87000000e-05  6.52000000e-01  5.87000000e-05  3.80000000e+01 
 5.89000000e-05  6.44000000e-01  5.89000000e-05  3.80000000e+01 
 5.91000000e-05  6.36000000e-01  5.91000000e-05  3.80000000e+01 
 5.93000000e-05  6.28000000e-01  5.93000000e-05  3.80000000e+01 
 5.95000000e-05  6.20000000e-01  5.95000000e-05  3.40000000e+01 
 5.97000000e-05  6.12000000e-01  5.97000000e-05  3.40000000e+01 
 5.99000000e-05  6.04000000e-01  5.99000000e-05  3.40000000e+01 
 6.01000000e-05  5.96000000e-01  6.01000000e-05  3.40000000e+01 
 6.03000000e-05  5.88000000e-01  6.03000000e-05  3.40000000e+01 
 6.05000000e-05  5.80000000e-01  6.05000000e-05  3.40000000e+01 
 6.07000000e-05  5.72000000e-01  6.07000000e-05  3.40000000e+01 
 6.09000000e-05  5.64000000e-01  6.09000000e-05  3.40000000e+01 
 6.11000000e-05  5.56000000e-01  6.11000000e-05  3.00000000e+01 
 6.13000000e-05  5.48000000e-01  6.13000000e-05  3.00000000e+01 
 6.15000000e-05  5.40000000e-01  6.15000000e-05  3.00000000e+01 
 6.17000000e-05  5.32000000e-01  6.17000000e-05  3.00000000e+01 
 6.19000000e-05  5.24000000e-01  6.19000000e-05  3.00000000e+01 
 6.21000000e-05  5.16000000e-01  6.21000000e-05  3.00000000e+01 
 6.23000000e-05  5.08000000e-01  6.23000000e-05  3.00000000e+01 
 6.25000000e-05  5.00000000e-01  6.25000000e-05  3.00000000e+01 
 6.27000000e-05  4.92000000e-01  6.27000000e-05  2.70000000e+01 
 6.29000000e-05  4.84000000e-01  6.29000000e-05  2.70000000e+01 
 6.31000000e-05  4.76000000e-01  6.31000000e-05  2.70000000e+01 
 6.33000000e-05  4.68000000e-01  6.33000000e-05  2.70000000e+01 
 6.35000000e-05  4.60000000e-01  6.35000000e-05  2.70000000e+01 
 6.37000000e-05  4.52000000e-01  6.37000000e-05  2.70000000e+01 
 6.39000000e-05  4.44000000e-01  6.39000000e-05  2.70000000e+01 
 6.41000000e-05  4.36000000e-01  6.41000000e-05  2.30000000e+01 
 6.43000000e-05  4.28000000e-01  6.43000000e-05  2.30000000e+01 
 6.45000000e-05  4.20000000e-01  6.45000000e-05  2.30000000e+01 
 6.47000000e-05  4.12000000e-01  6.47000000e-05  2.30000000e+01 
 6.49000000e-05  4.04000000e-01  6.49000000e-05  2.30000000e+01 
 6.51000000e-05  3.96000000e-01  6.51000000e-05  2.30000000e+01 
 6.53000000e-05  3.88000000e-01  6.53000000e-05  2.30000000e+01 
 6.55000000e-05  3.80000000e-01  6.55000000e-05  2.30000000e+01 
 6.57000000e-05  3.72000000e-01  6.57000000e-05  1.90000000e+01 
 6.59000000e-05  3.64000000e-01  6.59000000e-05  1.90000000e+01 
 6.61000000e-05  3.56000000e-01  6.61000000e-05  1.90000000e+01 
 6.63000000e-05  3.48000000e-01  6.63000000e-05  1.90000000e+01 
 6.65000000e-05  3.40000000e-01  6.65000000e-05  1.90000000e+01 
 6.67000000e-05  3.32000000e-01  6.67000000e-05  1.90000000e+01 
 6.69000000e-05  3.24000000e-01  6.69000000e-05  1.90000000e+01 
 6.71000000e-05  3.16000000e-01  6.71000000e-05  1.90000000e+01 
 6.73000000e-05  3.08000000e-01  6.73000000e-05  1.50000000e+01 
 6.75000000e-05  3.00000000e-01  6.75000000e-05  1.50000000e+01 
 6.77000000e-05  2.92000000e-01  6.77000000e-05  1.50000000e+01 
 6.79000000e-05  2.84000000e-01  6.79000000e-05  1.50000000e+01 
 6.81000000e-05  2.76000000e-01  6.81000000e-05  1.50000000e+01 
 6.83000000e-05  2.68000000e-01  6.83000000e-05  1.50000000e+01 
 6.85000000e-05  2.60000000e-01  6.85000000e-05  1.50000000e+01 
 6.87000000e-05  2.52000000e-01  6.87000000e-05  1.50000000e+01 
 6.89000000e-05  2.44000000e-01  6.89000000e-05  1.20000000e+01 
 6.91000000e-05  2.36000000e-01  6.91000000e-05  1.20000000e+01 
 6.93000000e-05  2.28000000e-01  6.93000000e-05  1.20000000e+01 
 6.95000000e-05  2.20000000e-01  6.95000000e-05  1.20000000e+01 
 6.97000000e-05  2.12000000e-01  6.97000000e-05  1.20000000e+01 
 6.99000000e-05  2.04000000e-01  6.99000000e-05  1.20000000e+01 
 7.01000000e-05  1.96000000e-01  7.01000000e-05  1.20000000e+01 
 7.03000000e-05  1.88000000e-01  7.03000000e-05  1.20000000e+01 
 7.05000000e-05  1.80000000e-01  7.05000000e-05  8.00000000e+00 
 7.07000000e-05  1.72000000e-01  7.07000000e-05  8.00000000e+00 
 7.09000000e-05  1.64000000e-01  7.09000000e-05  8.00000000e+00 
 7.11000000e-05  1.56000000e-01  7.11000000e-05  8.00000000e+00 
 7.13000000e-05  1.48000000e-01  7.13000000e-05  8.00000000e+00 
 7.15000000e-05  1.40000000e-01  7.15000000e-05  8.00000000e+00 
 7.17000000e-05  1.32000000e-01  7.17000000e-05  8.00000000e+00 
 7.19000000e-05  1.24000000e-01  7.19000000e-05  4.00000000e+00 
 7.21000000e-05  1.16000000e-01  7.21000000e-05  4.00000000e+00 
 7.23000000e-05  1.08000000e-01  7.23000000e-05  4.00000000e+00 
 7.25000000e-05  1.00000000e-01  7.25000000e-05  4.00000000e+00 
 7.27000000e-05  9.20000000e-02  7.27000000e-05  4.00000000e+00 
 7.29000000e-05  8.40000000e-02  7.29000000e-05  4.00000000e+00 
 7.31000000e-05  7.60000000e-02  7.31000000e-05  4.00000000e+00 
 7.33000000e-05  6.80000000e-02  7.33000000e-05  4.00000000e+00 
 7.35000000e-05  6.00000000e-02  7.35000000e-05  0.00000000e+00 
 7.37000000e-05  5.20000000e-02  7.37000000e-05  0.00000000e+00 
 7.39000000e-05  4.40000000e-02  7.39000000e-05  0.00000000e+00 
 7.41000000e-05  3.60000000e-02  7.41000000e-05  0.00000000e+00 
 7.43000000e-05  2.80000000e-02  7.43000000e-05  0.00000000e+00 
 7.45000000e-05  2.00000000e-02  7.45000000e-05  0.00000000e+00 
 7.47000000e-05  1.20000000e-02  7.47000000e-05  0.00000000e+00 
 7.49000000e-05  4.00000000e-03  7.49000000e-05  0.00000000e+00 
 7.51000000e-05 -4.00000000e-03  7.51000000e-05 -3.00000000e+00 
 7.53000000e-05 -1.20000000e-02  7.53000000e-05 -3.00000000e+00 
 7.55000000e-05 -2.00000000e-02  7.55000000e-05 -3.00000000e+00 
 7.57000000e-05 -2.80000000e-02  7.57000000e-05 -3.00000000e+00 
 7.59000000e-05 -3.60000000e-02  7.59000000e-05 -3.00000000e+00 
 7.61000000e-05 -4.40000000e-02  7.61000000e-05 -3.00000000e+00 
 7.63000000e-05 -5.20000000e-02  7.63000000e-05 -3.00000000e+00 
 7.65000000e-05 -6.00000000e-02  7.65000000e-05 -3.00000000e+00 
 7.67000000e-05 -6.80000000e-02  7.67000000e-05 -7.00000000e+00 
 7.69000000e-05 -7.60000000e-02  7.69000000e-05 -7.00000000e+00 
 7.71000000e-05 -8.40000000e-02  7.71000000e-05 -7.00000000e+00 
 7.73000000e-05 -9.20000000e-02  7.73000000e-05 -7.00000000e+00 
 7.75000000e-05 -1.00000000e-01  7.75000000e-05 -7.00000000e+00 
 7.77000000e-05 -1.08000000e-01  7.77000000e-05 -7.00000000e+00 
 7.79000000e-05 -1.16000000e-01  7.79000000e-05 -7.00000000e+00 
 7.81000000e-05 -1.24000000e-01  7.81000000e-05 -7.00000000e+00 
 7.83000000e-05 -1.32000000e-01  7.83000000e-05 -1.10000000e+01 
 7.85000000e-05 -1.40000000e-01  7.85000000e-05 -1.10000000e+01 
 7.87000000e-05 -1.48000000e-01  7.87000000e-05 -1.10000000e+01 
 7.89000000e-05 -1.56000000e-01  7.89000000e-05 -1.10000000e+01 
 7.91000000e-05 -1.64000000e-01  7.91000000e-05 -1.10000000e+01 
 7.93000000e-05 -1.72000000e-01  7.93000000e-05 -1.10000000e+01 
 7.95000000e-05 -1.80000000e-01  7.95000000e-05 -1.10000000e+01 
 7.97000000e-05 -1.88000000e-01  7.97000000e-05 -1.50000000e+01 
 7.99000000e-05 -1.96000000e-01  7.99000000e-05 -1.50000000e+01 
 8.01000000e-05 -2.04000000e-01  8.01000000e-05 -1.50000000e+01 
 8.03000000e-05 -2.12000000e-01  8.03000000e-05 -1.50000000e+01 
 8.05000000e-05 -2.20000000e-01  8.05000000e-05 -1.50000000e+01 
 8.07000000e-05 -2.28000000e-01  8.07000000e-05 -1.50000000e+01 
 8.09000000e-05 -2.36000000e-01  8.09000000e-05 -1.50000000e+01 
 8.11000000e-05 -2.44000000e-01  8.11000000e-05 -1.50000000e+01 
 8.13000000e-05 -2.52000000e-01  8.13000000e-05 -1.80000000e+01 
 8.15000000e-05 -2.60000000e-01  8.15000000e-05 -1.80000000e+01 
 8.17000000e-05 -2.68000000e-01  8.17000000e-05 -1.80000000e+01 
 8.19000000e-05 -2.76000000e-01  8.19000000e-05 -1.80000000e+01 
 8.21000000e-05 -2.84000000e-01  8.21000000e-05 -1.80000000e+01 
 8.23000000e-05 -2.92000000e-01  8.23000000e-05 -1.80000000e+01 
 8.25000000e-05 -3.00000000e-01  8.25000000e-05 -1.80000000e+01 
 8.27000000e-05 -3.08000000e-01  8.27000000e-05 -1.80000000e+01 
 8.29000000e-05 -3.16000000e-01  8.29000000e-05 -2.20000000e+01 
 8.31000000e-05 -3.24000000e-01  8.31000000e-05 -2.20000000e+01 
 8.33000000e-05 -3.32000000e-01  8.33000000e-05 -2.20000000e+01 
 8.35000000e-05 -3.40000000e-01  8.35000000e-05 -2.20000000e+01 
 8.37000000e-05 -3.48000000e-01  8.37000000e-05 -2.20000000e+01 
 8.39000000e-05 -3.56000000e-01  8.39000000e-05 -2.20000000e+01 
 8.41000000e-05 -3.64000000e-01  8.41000000e-05 -2.20000000e+01 
 8.43000000e-05 -3.72000000e-01  8.43000000e-05 -2.20000000e+01 
 8.45000000e-05 -3.80000000e-01  8.45000000e-05 -2.60000000e+01 
 8.47000000e-05 -3.88000000e-01  8.47000000e-05 -2.60000000e+01 
 8.49000000e-05 -3.96000000e-01  8.49000000e-05 -2.60000000e+01 
 8.51000000e-05 -4.04000000e-01  8.51000000e-05 -2.60000000e+01 
 8.53000000e-05 -4.12000000e-01  8.53000000e-05 -2.60000000e+01 
 8.55000000e-05 -4.20000000e-01  8.55000000e-05 -2.60000000e+01 
 8.57000000e-05 -4.28000000e-01  8.57000000e-05 -2.60000000e+01 
 8.59000000e-05 -4.36000000e-01  8.59000000e-05 -2.60000000e+01 
 8.61000000e-05 -4.44000000e-01  8.61000000e-05 -3.00000000e+01 
 8.63000000e-05 -4.52000000e-01  8.63000000e-05 -3.00000000e+01 
 8.65000000e-05 -4.60000000e-01  8.65000000e-05 -3.00000000e+01 
 8.67000000e-05 -4.68000000e-01  8.67000000e-05 -3.00000000e+01 
 8.69000000e-05 -4.76000000e-01  8.69000000e-05 -3.00000000e+01 
 8.71000000e-05 -4.84000000e-01  8.71000000e-05 -3.00000000e+01 
 8.73000000e-05 -4.92000000e-01  8.73000000e-05 -3.00000000e+01 
 8.75000000e-05 -5.00000000e-01  8.75000000e-05 -3.30000000e+01 
 8.77000000e-05 -5.08000000e-01  8.77000000e-05 -3.30000000e+01 
 8.79000000e-05 -5.16000000e-01  8.79000000e-05 -3.30000000e+01 
 8.81000000e-05 -5.24000000e-01  8.81000000e-05 -3.30000000e+01 
 8.83000000e-05 -5.32000000e-01  8.83000000e-05 -3.30000000e+01 
 8.85000000e-05 -5.40000000e-01  8.85000000e-05 -3.30000000e+01 
 8.87000000e-05 -5.48000000e-01  8.87000000e-05 -3.30000000e+01 
 8.89000000e-05 -5.56000000e-01  8.89000000e-05 -3.30000000e+01 
 8.91000000e-05 -5.64000000e-01  8.91000000e-05 -3.70000000e+01 
 8.93000000e-05 -5.72000000e-01  8.93000000e-05 -3.70000000e+01 
 8.95000000e-05 -5.80000000e-01  8.95000000e-05 -3.70000000e+01 
 8.97000000e-05 -5.88000000e-01  8.97000000e-05 -3.70000000e+01 
 8.99000000e-05 -5.96000000e-01  8.99000000e-05 -3.70000000e+01 
 9.01000000e-05 -6.04000000e-01  9.01000000e-05 -3.70000000e+01 
 9.03000000e-05 -6.12000000e-01  9.03000000e-05 -3.70000000e+01 
 9.05000000e-05 -6.20000000e-01  9.05000000e-05 -3.70000000e+01 
 9.07000000e-05 -6.28000000e-01  9.07000000e-05 -4.10000000e+01 
 9.09000000e-05 -6.36000000e-01  9.09000000e-05 -4.10000000e+01 
 9.11000000e-05 -6.44000000e-01  9.11000000e-05 -4.10000000e+01 
 9.13000000e-05 -6.52000000e-01  9.13000000e-05 -4.10000000e+01 
 9.15000000e-05 -6.60000000e-01  9.15000000e-05 -4.10000000e+01 
 9.17000000e-05 -6.68000000e-01  9.17000000e-05 -4.10000000e+01 
 9.19000000e-05 -6.76000000e-01  9.19000000e-05 -4.10000000e+01 
 9.21000000e-05 -6.84000000e-01  9.21000000e-05 -4.10000000e+01 
 9.23000000e-05 -6.92000000e-01  9.23000000e-05 -4.50000000e+01 
 9.25000000e-05 -7.00000000e-01  9.25000000e-05 -4.50000000e+01 
 9.27000000e-05 -7.08000000e-01  9.27000000e-05 -4.50000000e+01 
 9.29000000e-05 -7.16000000e-01  9.29000000e-05 -4.50000000e+01 
 9.31000000e-05 -7.24000000e-01  9.31000000e-05 -4.50000000e+01 
 9.33000000e-05 -7.32000000e-01  9.33000000e-05 -4.50000000e+01 
 9.35000000e-05 -7.40000000e-01  9.35000000e-05 -4.50000000e+01 
 9.37000000e-05 -7.48000000e-01  9.37000000e-05 -4.50000000e+01 
 9.39000000e-05 -7.56000000e-01  9.39000000e-05 -4.80000000e+01 
 9.41000000e-05 -7.64000000e-01  9.41000000e-05 -4.80000000e+01 
 9.43000000e-05 -7.72000000e-01  9.43000000e-05 -4.80000000e+01 
 9.45000000e-05 -7.80000000e-01  9.45000000e-05 -4.80000000e+01 
 9.47000000e-05 -7.88000000e-01  9.47000000e-05 -4.80000000e+01 
 9.49000000e-05 -7.96000000e-01  9.49000000e-05 -4.80000000e+01 
 9.51000000e-05 -8.04000000e-01  9.51000000e-05 -4.80000000e+01 
 9.53000000e-05 -8.12000000e-01  9.53000000e-05 -4.80000000e+01 
 9.55000000e-05 -8.20000000e-01  9.55000000e-05 -5.20000000e+01 
 9.57000000e-05 -8.28000000e-01  9.57000000e-05 -5.20000000e+01 
 9.59000000e-05 -8.36000000e-01  9.59000000e-05 -5.20000000e+01 
 9.61000000e-05 -8.44000000e-01  9.61000000e-05 -5.20000000e+01 
 9.63000000e-05 -8.52000000e-01  9.63000000e-05 -5.20000000e+01 
 9.65000000e-05 -8.60000000e-01  9.65000000e-05 -5.20000000e+01 
 9.67000000e-05 -8.68000000e-01  9.67000000e-05 -5.20000000e+01 
 9.69000000e-05 -8.76000000e-01  9.69000000e-05 -5.60000000e+01 
 9.71000000e-05 -8.84000000e-01  9.71000000e-05 -5.60000000e+01 
 9.73000000e-05 -8.92000000e-01  9.73000000e-05 -5.60000000e+01 
 9.75000000e-05 -9.00000000e-01  9.75000000e-05 -5.60000000e+01 
 9.77000000e-05 -9.08000000e-01  9.77000000e-05 -5.60000000e+01 
 9.79000000e-05 -9.16000000e-01  9.79000000e-05 -5.60000000e+01 
 9.81000000e-05 -9.24000000e-01  9.81000000e-05 -5.60000000e+01 
 9.83000000e-05 -9.32000000e-01  9.83000000e-05 -5.60000000e+01 
 9.85000000e-05 -9.40000000e-01  9.85000000e-05 -6.00000000e+01 
 9.87000000e-05 -9.48000000e-01  9.87000000e-05 -6.00000000e+01 
 9.89000000e-05 -9.56000000e-01  9.89000000e-05 -6.00000000e+01 
 9.91000000e-05 -9.64000000e-01  9.91000000e-05 -6.00000000e+01 
 9.93000000e-05 -9.72000000e-01  9.93000000e-05 -6.00000000e+01 
 9.95000000e-05 -9.80000000e-01  9.95000000e-05 -6.00000000e+01 
 9.97000000e-05 -9.88000000e-01  9.97000000e-05 -6.00000000e+01 
 9.98500000e-05 -9.94000000e-01  9.98500000e-05 -6.00000000e+01 
 1.00000000e-04 -1.00000000e+00  1.00000000e-04 -6.00000000e+01 
 1.00020000e-04 -9.99200000e-01  1.00020000e-04 -6.00000000e+01 
 1.00060000e-04 -9.97600000e-01  1.00060000e-04 -6.00000000e+01 
 1.00140000e-04 -9.94400000e-01  1.00140000e-04 -6.00000000e+01 
 1.00300000e-04 -9.88000000e-01  1.00300000e-04 -6.00000000e+01 
 1.00500000e-04 -9.80000000e-01  1.00500000e-04 -6.00000000e+01 
 1.00700000e-04 -9.72000000e-01  1.00700000e-04 -6.00000000e+01 
 1.00900000e-04 -9.64000000e-01  1.00900000e-04 -6.00000000e+01 
 1.01100000e-04 -9.56000000e-01  1.01100000e-04 -6.00000000e+01 
 1.01300000e-04 -9.48000000e-01  1.01300000e-04 -6.00000000e+01 
 1.01500000e-04 -9.40000000e-01  1.01500000e-04 -6.00000000e+01 
 1.01700000e-04 -9.32000000e-01  1.01700000e-04 -5.60000000e+01 
 1.01900000e-04 -9.24000000e-01  1.01900000e-04 -5.60000000e+01 
 1.02100000e-04 -9.16000000e-01  1.02100000e-04 -5.60000000e+01 
 1.02300000e-04 -9.08000000e-01  1.02300000e-04 -5.60000000e+01 
 1.02500000e-04 -9.00000000e-01  1.02500000e-04 -5.60000000e+01 
 1.02700000e-04 -8.92000000e-01  1.02700000e-04 -5.60000000e+01 
 1.02900000e-04 -8.84000000e-01  1.02900000e-04 -5.60000000e+01 
 1.03100000e-04 -8.76000000e-01  1.03100000e-04 -5.60000000e+01 
 1.03300000e-04 -8.68000000e-01  1.03300000e-04 -5.20000000e+01 
 1.03500000e-04 -8.60000000e-01  1.03500000e-04 -5.20000000e+01 
 1.03700000e-04 -8.52000000e-01  1.03700000e-04 -5.20000000e+01 
 1.03900000e-04 -8.44000000e-01  1.03900000e-04 -5.20000000e+01 
 1.04100000e-04 -8.36000000e-01  1.04100000e-04 -5.20000000e+01 
 1.04300000e-04 -8.28000000e-01  1.04300000e-04 -5.20000000e+01 
 1.04500000e-04 -8.20000000e-01  1.04500000e-04 -5.20000000e+01 
 1.04700000e-04 -8.12000000e-01  1.04700000e-04 -4.80000000e+01 
 1.04900000e-04 -8.04000000e-01  1.04900000e-04 -4.80000000e+01 
 1.05100000e-04 -7.96000000e-01  1.05100000e-04 -4.80000000e+01 
 1.05300000e-04 -7.88000000e-01  1.05300000e-04 -4.80000000e+01 
 1.05500000e-04 -7.80000000e-01  1.05500000e-04 -4.80000000e+01 
 1.05700000e-04 -7.72000000e-01  1.05700000e-04 -4.80000000e+01 
 1.05900000e-04 -7.64000000e-01  1.05900000e-04 -4.80000000e+01 
 1.06100000e-04 -7.56000000e-01  1.06100000e-04 -4.80000000e+01 
 1.06300000e-04 -7.48000000e-01  1.06300000e-04 -4.50000000e+01 
 1.06500000e-04 -7.40000000e-01  1.06500000e-04 -4.50000000e+01 
 1.06700000e-04 -7.32000000e-01  1.06700000e-04 -4.50000000e+01 
 1.06900000e-04 -7.24000000e-01  1.06900000e-04 -4.50000000e+01 
 1.07100000e-04 -7.16000000e-01  1.07100000e-04 -4.50000000e+01 
 1.07300000e-04 -7.08000000e-01  1.07300000e-04 -4.50000000e+01 
 1.07500000e-04 -7.00000000e-01  1.07500000e-04 -4.50000000e+01 
 1.07700000e-04 -6.92000000e-01  1.07700000e-04 -4.50000000e+01 
 1.07900000e-04 -6.84000000e-01  1.07900000e-04 -4.10000000e+01 
 1.08100000e-04 -6.76000000e-01  1.08100000e-04 -4.10000000e+01 
 1.08300000e-04 -6.68000000e-01  1.08300000e-04 -4.10000000e+01 
 1.08500000e-04 -6.60000000e-01  1.08500000e-04 -4.10000000e+01 
 1.08700000e-04 -6.52000000e-01  1.08700000e-04 -4.10000000e+01 
 1.08900000e-04 -6.44000000e-01  1.08900000e-04 -4.10000000e+01 
 1.09100000e-04 -6.36000000e-01  1.09100000e-04 -4.10000000e+01 
 1.09300000e-04 -6.28000000e-01  1.09300000e-04 -4.10000000e+01 
 1.09500000e-04 -6.20000000e-01  1.09500000e-04 -3.70000000e+01 
 1.09700000e-04 -6.12000000e-01  1.09700000e-04 -3.70000000e+01 
 1.09900000e-04 -6.04000000e-01  1.09900000e-04 -3.70000000e+01 
 1.10100000e-04 -5.96000000e-01  1.10100000e-04 -3.70000000e+01 
 1.10300000e-04 -5.88000000e-01  1.10300000e-04 -3.70000000e+01 
 1.10500000e-04 -5.80000000e-01  1.10500000e-04 -3.70000000e+01 
 1.10700000e-04 -5.72000000e-01  1.10700000e-04 -3.70000000e+01 
 1.10900000e-04 -5.64000000e-01  1.10900000e-04 -3.70000000e+01 
 1.11100000e-04 -5.56000000e-01  1.11100000e-04 -3.30000000e+01 
 1.11300000e-04 -5.48000000e-01  1.11300000e-04 -3.30000000e+01 
 1.11500000e-04 -5.40000000e-01  1.11500000e-04 -3.30000000e+01 
 1.11700000e-04 -5.32000000e-01  1.11700000e-04 -3.30000000e+01 
 1.11900000e-04 -5.24000000e-01  1.11900000e-04 -3.30000000e+01 
 1.12100000e-04 -5.16000000e-01  1.12100000e-04 -3.30000000e+01 
 1.12300000e-04 -5.08000000e-01  1.12300000e-04 -3.30000000e+01 
 1.12500000e-04 -5.00000000e-01  1.12500000e-04 -3.00000000e+01 
 1.12700000e-04 -4.92000000e-01  1.12700000e-04 -3.00000000e+01 
 1.12900000e-04 -4.84000000e-01  1.12900000e-04 -3.00000000e+01 
 1.13100000e-04 -4.76000000e-01  1.13100000e-04 -3.00000000e+01 
 1.13300000e-04 -4.68000000e-01  1.13300000e-04 -3.00000000e+01 
 1.13500000e-04 -4.60000000e-01  1.13500000e-04 -3.00000000e+01 
 1.13700000e-04 -4.52000000e-01  1.13700000e-04 -3.00000000e+01 
 1.13900000e-04 -4.44000000e-01  1.13900000e-04 -3.00000000e+01 
 1.14100000e-04 -4.36000000e-01  1.14100000e-04 -2.60000000e+01 
 1.14300000e-04 -4.28000000e-01  1.14300000e-04 -2.60000000e+01 
 1.14500000e-04 -4.20000000e-01  1.14500000e-04 -2.60000000e+01 
 1.14700000e-04 -4.12000000e-01  1.14700000e-04 -2.60000000e+01 
 1.14900000e-04 -4.04000000e-01  1.14900000e-04 -2.60000000e+01 
 1.15100000e-04 -3.96000000e-01  1.15100000e-04 -2.60000000e+01 
 1.15300000e-04 -3.88000000e-01  1.15300000e-04 -2.60000000e+01 
 1.15500000e-04 -3.80000000e-01  1.15500000e-04 -2.60000000e+01 
 1.15700000e-04 -3.72000000e-01  1.15700000e-04 -2.20000000e+01 
 1.15900000e-04 -3.64000000e-01  1.15900000e-04 -2.20000000e+01 
 1.16100000e-04 -3.56000000e-01  1.16100000e-04 -2.20000000e+01 
 1.16300000e-04 -3.48000000e-01  1.16300000e-04 -2.20000000e+01 
 1.16500000e-04 -3.40000000e-01  1.16500000e-04 -2.20000000e+01 
 1.16700000e-04 -3.32000000e-01  1.16700000e-04 -2.20000000e+01 
 1.16900000e-04 -3.24000000e-01  1.16900000e-04 -2.20000000e+01 
 1.17100000e-04 -3.16000000e-01  1.17100000e-04 -2.20000000e+01 
 1.17300000e-04 -3.08000000e-01  1.17300000e-04 -1.80000000e+01 
 1.17500000e-04 -3.00000000e-01  1.17500000e-04 -1.80000000e+01 
 1.17700000e-04 -2.92000000e-01  1.17700000e-04 -1.80000000e+01 
 1.17900000e-04 -2.84000000e-01  1.17900000e-04 -1.80000000e+01 
 1.18100000e-04 -2.76000000e-01  1.18100000e-04 -1.80000000e+01 
 1.18300000e-04 -2.68000000e-01  1.18300000e-04 -1.80000000e+01 
 1.18500000e-04 -2.60000000e-01  1.18500000e-04 -1.80000000e+01 
 1.18700000e-04 -2.52000000e-01  1.18700000e-04 -1.80000000e+01 
 1.18900000e-04 -2.44000000e-01  1.18900000e-04 -1.50000000e+01 
 1.19100000e-04 -2.36000000e-01  1.19100000e-04 -1.50000000e+01 
 1.19300000e-04 -2.28000000e-01  1.19300000e-04 -1.50000000e+01 
 1.19500000e-04 -2.20000000e-01  1.19500000e-04 -1.50000000e+01 
 1.19700000e-04 -2.12000000e-01  1.19700000e-04 -1.50000000e+01 
 1.19900000e-04 -2.04000000e-01  1.19900000e-04 -1.50000000e+01 
 1.20100000e-04 -1.96000000e-01  1.20100000e-04 -1.50000000e+01 
 1.20300000e-04 -1.88000000e-01  1.20300000e-04 -1.50000000e+01 
 1.20500000e-04 -1.80000000e-01  1.20500000e-04 -1.10000000e+01 
 1.20700000e-04 -1.72000000e-01  1.20700000e-04 -1.10000000e+01 
 1.20900000e-04 -1.64000000e-01  1.20900000e-04 -1.10000000e+01 
 1.21100000e-04 -1.56000000e-01  1.21100000e-04 -1.10000000e+01 
 1.21300000e-04 -1.48000000e-01  1.21300000e-04 -1.10000000e+01 
 1.21500000e-04 -1.40000000e-01  1.21500000e-04 -1.10000000e+01 
 1.21700000e-04 -1.32000000e-01  1.21700000e-04 -1.10000000e+01 
 1.21900000e-04 -1.24000000e-01  1.21900000e-04 -7.00000000e+00 
 1.22100000e-04 -1.16000000e-01  1.22100000e-04 -7.00000000e+00 
 1.22300000e-04 -1.08000000e-01  1.22300000e-04 -7.00000000e+00 
 1.22500000e-04 -1.00000000e-01  1.22500000e-04 -7.00000000e+00 
 1.22700000e-04 -9.20000000e-02  1.22700000e-04 -7.00000000e+00 
 1.22900000e-04 -8.40000000e-02  1.22900000e-04 -7.00000000e+00 
 1.23100000e-04 -7.60000000e-02  1.23100000e-04 -7.00000000e+00 
 1.23300000e-04 -6.80000000e-02  1.23300000e-04 -7.00000000e+00 
 1.23500000e-04 -6.00000000e-02  1.23500000e-04 -3.00000000e+00 
 1.23700000e-04 -5.20000000e-02  1.23700000e-04 -3.00000000e+00 
 1.23900000e-04 -4.40000000e-02  1.23900000e-04 -3.00000000e+00 
 1.24100000e-04 -3.60000000e-02  1.24100000e-04 -3.00000000e+00 
 1.24300000e-04 -2.80000000e-02  1.24300000e-04 -3.00000000e+00 
 1.24500000e-04 -2.00000000e-02  1.24500000e-04 -3.00000000e+00 
 1.24700000e-04 -1.20000000e-02  1.24700000e-04 -3.00000000e+00 
 1.24900000e-04 -4.00000000e-03  1.24900000e-04 -3.00000000e+00 
 1.25100000e-04  4.00000000e-03  1.25100000e-04  0.00000000e+00 
 1.25300000e-04  1.20000000e-02  1.25300000e-04  0.00000000e+00 
 1.25500000e-04  2.00000000e-02  1.25500000e-04  0.00000000e+00 
 1.25700000e-04  2.80000000e-02  1.25700000e-04  0.00000000e+00 
 1.25900000e-04  3.60000000e-02  1.25900000e-04  0.00000000e+00 
 1.26100000e-04  4.40000000e-02  1.26100000e-04  0.00000000e+00 
 1.26300000e-04  5.20000000e-02  1.26300000e-04  0.00000000e+00 
 1.26500000e-04  6.00000000e-02  1.26500000e-04  0.00000000e+00 
 1.26700000e-04  6.80000000e-02  1.26700000e-04  4.00000000e+00 
 1.26900000e-04  7.60000000e-02  1.26900000e-04  4.00000000e+00 
 1.27100000e-04  8.40000000e-02  1.27100000e-04  4.00000000e+00 
 1.27300000e-04  9.20000000e-02  1.27300000e-04  4.00000000e+00 
 1.27500000e-04  1.00000000e-01  1.27500000e-04  4.00000000e+00 
 1.27700000e-04  1.08000000e-01  1.27700000e-04  4.00000000e+00 
 1.27900000e-04  1.16000000e-01  1.27900000e-04  4.00000000e+00 
 1.28100000e-04  1.24000000e-01  1.28100000e-04  4.00000000e+00 
 1.28300000e-04  1.32000000e-01  1.28300000e-04  8.00000000e+00 
 1.28500000e-04  1.40000000e-01  1.28500000e-04  8.00000000e+00 
 1.28700000e-04  1.48000000e-01  1.28700000e-04  8.00000000e+00 
 1.28900000e-04  1.56000000e-01  1.28900000e-04  8.00000000e+00 
 1.29100000e-04  1.64000000e-01  1.29100000e-04  8.00000000e+00 
 1.29300000e-04  1.72000000e-01  1.29300000e-04  8.00000000e+00 
 1.29500000e-04  1.80000000e-01  1.29500000e-04  8.00000000e+00 
 1.29700000e-04  1.88000000e-01  1.29700000e-04  1.20000000e+01 
 1.29900000e-04  1.96000000e-01  1.29900000e-04  1.20000000e+01 
 1.30100000e-04  2.04000000e-01  1.30100000e-04  1.20000000e+01 
 1.30300000e-04  2.12000000e-01  1.30300000e-04  1.20000000e+01 
 1.30500000e-04  2.20000000e-01  1.30500000e-04  1.20000000e+01 
 1.30700000e-04  2.28000000e-01  1.30700000e-04  1.20000000e+01 
 1.30900000e-04  2.36000000e-01  1.30900000e-04  1.20000000e+01 
 1.31100000e-04  2.44000000e-01  1.31100000e-04  1.20000000e+01 
 1.31300000e-04  2.52000000e-01  1.31300000e-04  1.50000000e+01 
 1.31500000e-04  2.60000000e-01  1.31500000e-04  1.50000000e+01 
 1.31700000e-04  2.68000000e-01  1.31700000e-04  1.50000000e+01 
 1.31900000e-04  2.76000000e-01  1.31900000e-04  1.50000000e+01 
 1.32100000e-04  2.84000000e-01  1.32100000e-04  1.50000000e+01 
 1.32300000e-04  2.92000000e-01  1.32300000e-04  1.50000000e+01 
 1.32500000e-04  3.00000000e-01  1.32500000e-04  1.50000000e+01 
 1.32700000e-04  3.08000000e-01  1.32700000e-04  1.50000000e+01 
 1.32900000e-04  3.16000000e-01  1.32900000e-04  1.90000000e+01 
 1.33100000e-04  3.24000000e-01  1.33100000e-04  1.90000000e+01 
 1.33300000e-04  3.32000000e-01  1.33300000e-04  1.90000000e+01 
 1.33500000e-04  3.40000000e-01  1.33500000e-04  1.90000000e+01 
 1.33700000e-04  3.48000000e-01  1.33700000e-04  1.90000000e+01 
 1.33900000e-04  3.56000000e-01  1.33900000e-04  1.90000000e+01 
 1.34100000e-04  3.64000000e-01  1.34100000e-04  1.90000000e+01 
 1.34300000e-04  3.72000000e-01  1.34300000e-04  1.90000000e+01 
 1.34500000e-04  3.80000000e-01  1.34500000e-04  2.30000000e+01 
 1.34700000e-04  3.88000000e-01  1.34700000e-04  2.30000000e+01 
 1.34900000e-04  3.96000000e-01  1.34900000e-04  2.30000000e+01 
 1.35100000e-04  4.04000000e-01  1.35100000e-04  2.30000000e+01 
 1.35300000e-04  4.12000000e-01  1.35300000e-04  2.30000000e+01 
 1.35500000e-04  4.20000000e-01  1.35500000e-04  2.30000000e+01 
 1.35700000e-04  4.28000000e-01  1.35700000e-04  2.30000000e+01 
 1.35900000e-04  4.36000000e-01  1.35900000e-04  2.30000000e+01 
 1.36100000e-04  4.44000000e-01  1.36100000e-04  2.70000000e+01 
 1.36300000e-04  4.52000000e-01  1.36300000e-04  2.70000000e+01 
 1.36500000e-04  4.60000000e-01  1.36500000e-04  2.70000000e+01 
 1.36700000e-04  4.68000000e-01  1.36700000e-04  2.70000000e+01 
 1.36900000e-04  4.76000000e-01  1.36900000e-04  2.70000000e+01 
 1.37100000e-04  4.84000000e-01  1.37100000e-04  2.70000000e+01 
 1.37300000e-04  4.92000000e-01  1.37300000e-04  2.70000000e+01 
 1.37500000e-04  5.00000000e-01  1.37500000e-04  3.00000000e+01 
 1.37700000e-04  5.08000000e-01  1.37700000e-04  3.00000000e+01 
 1.37900000e-04  5.16000000e-01  1.37900000e-04  3.00000000e+01 
 1.38100000e-04  5.24000000e-01  1.38100000e-04  3.00000000e+01 
 1.38300000e-04  5.32000000e-01  1.38300000e-04  3.00000000e+01 
 1.38500000e-04  5.40000000e-01  1.38500000e-04  3.00000000e+01 
 1.38700000e-04  5.48000000e-01  1.38700000e-04  3.00000000e+01 
 1.38900000e-04  5.56000000e-01  1.38900000e-04  3.00000000e+01 
 1.39100000e-04  5.64000000e-01  1.39100000e-04  3.40000000e+01 
 1.39300000e-04  5.72000000e-01  1.39300000e-04  3.40000000e+01 
 1.39500000e-04  5.80000000e-01  1.39500000e-04  3.40000000e+01 
 1.39700000e-04  5.88000000e-01  1.39700000e-04  3.40000000e+01 
 1.39900000e-04  5.96000000e-01  1.39900000e-04  3.40000000e+01 
 1.40100000e-04  6.04000000e-01  1.40100000e-04  3.40000000e+01 
 1.40300000e-04  6.12000000e-01  1.40300000e-04  3.40000000e+01 
 1.40500000e-04  6.20000000e-01  1.40500000e-04  3.40000000e+01 
 1.40700000e-04  6.28000000e-01  1.40700000e-04  3.80000000e+01 
 1.40900000e-04  6.36000000e-01  1.40900000e-04  3.80000000e+01 
 1.41100000e-04  6.44000000e-01  1.41100000e-04  3.80000000e+01 
 1.41300000e-04  6.52000000e-01  1.41300000e-04  3.80000000e+01 
 1.41500000e-04  6.60000000e-01  1.41500000e-04  3.80000000e+01 
 1.41700000e-04  6.68000000e-01  1.41700000e-04  3.80000000e+01 
 1.41900000e-04  6.76000000e-01  1.41900000e-04  3.80000000e+01 
 1.42100000e-04  6.84000000e-01  1.42100000e-04  3.80000000e+01 
 1.42300000e-04  6.92000000e-01  1.42300000e-04  4.20000000e+01 
 1.42500000e-04  7.00000000e-01  1.42500000e-04  4.20000000e+01 
 1.42700000e-04  7.08000000e-01  1.42700000e-04  4.20000000e+01 
 1.42900000e-04  7.16000000e-01  1.42900000e-04  4.20000000e+01 
 1.43100000e-04  7.24000000e-01  1.43100000e-04  4.20000000e+01 
 1.43300000e-04  7.32000000e-01  1.43300000e-04  4.20000000e+01 
 1.43500000e-04  7.40000000e-01  1.43500000e-04  4.20000000e+01 
 1.43700000e-04  7.48000000e-01  1.43700000e-04  4.20000000e+01 
 1.43900000e-04  7.56000000e-01  1.43900000e-04  4.50000000e+01 
 1.44100000e-04  7.64000000e-01  1.44100000e-04  4.50000000e+01 
 1.44300000e-04  7.72000000e-01  1.44300000e-04  4.50000000e+01 
 1.44500000e-04  7.80000000e-01  1.44500000e-04  4.50000000e+01 
 1.44700000e-04  7.88000000e-01  1.44700000e-04  4.50000000e+01 
 1.44900000e-04  7.96000000e-01  1.44900000e-04  4.50000000e+01 
 1.45100000e-04  8.04000000e-01  1.45100000e-04  4.50000000e+01 
 1.45300000e-04  8.12000000e-01  1.45300000e-04  4.50000000e+01 
 1.45500000e-04  8.20000000e-01  1.45500000e-04  4.90000000e+01 
 1.45700000e-04  8.28000000e-01  1.45700000e-04  4.90000000e+01 
 1.45900000e-04  8.36000000e-01  1.45900000e-04  4.90000000e+01 
 1.46100000e-04  8.44000000e-01  1.46100000e-04  4.90000000e+01 
 1.46300000e-04  8.52000000e-01  1.46300000e-04  4.90000000e+01 
 1.46500000e-04  8.60000000e-01  1.46500000e-04  4.90000000e+01 
 1.46700000e-04  8.68000000e-01  1.46700000e-04  4.90000000e+01 
 1.46900000e-04  8.76000000e-01  1.46900000e-04  5.30000000e+01 
 1.47100000e-04  8.84000000e-01  1.47100000e-04  5.30000000e+01 
 1.47300000e-04  8.92000000e-01  1.47300000e-04  5.30000000e+01 
 1.47500000e-04  9.00000000e-01  1.47500000e-04  5.30000000e+01 
 1.47700000e-04  9.08000000e-01  1.47700000e-04  5.30000000e+01 
 1.47900000e-04  9.16000000e-01  1.47900000e-04  5.30000000e+01 
 1.48100000e-04  9.24000000e-01  1.48100000e-04  5.30000000e+01 
 1.48300000e-04  9.32000000e-01  1.48300000e-04  5.30000000e+01 
 1.48500000e-04  9.40000000e-01  1.48500000e-04  5.70000000e+01 
 1.48700000e-04  9.48000000e-01  1.48700000e-04  5.70000000e+01 
 1.48900000e-04  9.56000000e-01  1.48900000e-04  5.70000000e+01 
 1.49100000e-04  9.64000000e-01  1.49100000e-04  5.70000000e+01 
 1.49300000e-04  9.72000000e-01  1.49300000e-04  5.70000000e+01 
 1.49500000e-04  9.80000000e-01  1.49500000e-04  5.70000000e+01 
 1.49700000e-04  9.88000000e-01  1.49700000e-04  5.70000000e+01 
 1.49850000e-04  9.94000000e-01  1.49850000e-04  5.70000000e+01 
 1.50000000e-04  1.00000000e+00  1.50000000e-04  6.00000000e+01 
 1.50020000e-04  9.99200000e-01  1.50020000e-04  5.70000000e+01 
 1.50060000e-04  9.97600000e-01  1.50060000e-04  5.70000000e+01 
 1.50140000e-04  9.94400000e-01  1.50140000e-04  5.70000000e+01 
 1.50300000e-04  9.88000000e-01  1.50300000e-04  5.70000000e+01 
 1.50500000e-04  9.80000000e-01  1.50500000e-04  5.70000000e+01 
 1.50700000e-04  9.72000000e-01  1.50700000e-04  5.70000000e+01 
 1.50900000e-04  9.64000000e-01  1.50900000e-04  5.70000000e+01 
 1.51100000e-04  9.56000000e-01  1.51100000e-04  5.70000000e+01 
 1.51300000e-04  9.48000000e-01  1.51300000e-04  5.70000000e+01 
 1.51500000e-04  9.40000000e-01  1.51500000e-04  5.70000000e+01 
 1.51700000e-04  9.32000000e-01  1.51700000e-04  5.30000000e+01 
 1.51900000e-04  9.24000000e-01  1.51900000e-04  5.30000000e+01 
 1.52100000e-04  9.16000000e-01  1.52100000e-04  5.30000000e+01 
 1.52300000e-04  9.08000000e-01  1.52300000e-04  5.30000000e+01 
 1.52500000e-04  9.00000000e-01  1.52500000e-04  5.30000000e+01 
 1.52700000e-04  8.92000000e-01  1.52700000e-04  5.30000000e+01 
 1.52900000e-04  8.84000000e-01  1.52900000e-04  5.30000000e+01 
 1.53100000e-04  8.76000000e-01  1.53100000e-04  5.30000000e+01 
 1.53300000e-04  8.68000000e-01  1.53300000e-04  4.90000000e+01 
 1.53500000e-04  8.60000000e-01  1.53500000e-04  4.90000000e+01 
 1.53700000e-04  8.52000000e-01  1.53700000e-04  4.90000000e+01 
 1.53900000e-04  8.44000000e-01  1.53900000e-04  4.90000000e+01 
 1.54100000e-04  8.36000000e-01  1.54100000e-04  4.90000000e+01 
 1.54300000e-04  8.28000000e-01  1.54300000e-04  4.90000000e+01 
 1.54500000e-04  8.20000000e-01  1.54500000e-04  4.90000000e+01 
 1.54700000e-04  8.12000000e-01  1.54700000e-04  4.50000000e+01 
 1.54900000e-04  8.04000000e-01  1.54900000e-04  4.50000000e+01 
 1.55100000e-04  7.96000000e-01  1.55100000e-04  4.50000000e+01 
 1.55300000e-04  7.88000000e-01  1.55300000e-04  4.50000000e+01 
 1.55500000e-04  7.80000000e-01  1.55500000e-04  4.50000000e+01 
 1.55700000e-04  7.72000000e-01  1.55700000e-04  4.50000000e+01 
 1.55900000e-04  7.64000000e-01  1.55900000e-04  4.50000000e+01 
 1.56100000e-04  7.56000000e-01  1.56100000e-04  4.50000000e+01 
 1.56300000e-04  7.48000000e-01  1.56300000e-04  4.20000000e+01 
 1.56500000e-04  7.40000000e-01  1.56500000e-04  4.20000000e+01 
 1.56700000e-04  7.32000000e-01  1.56700000e-04  4.20000000e+01 
 1.56900000e-04  7.24000000e-01  1.56900000e-04  4.20000000e+01 
 1.57100000e-04  7.16000000e-01  1.57100000e-04  4.20000000e+01 
 1.57300000e-04  7.08000000e-01  1.57300000e-04  4.20000000e+01 
 1.57500000e-04  7.00000000e-01  1.57500000e-04  4.20000000e+01 
 1.57700000e-04  6.92000000e-01  1.57700000e-04  4.20000000e+01 
 1.57900000e-04  6.84000000e-01  1.57900000e-04  3.80000000e+01 
 1.58100000e-04  6.76000000e-01  1.58100000e-04  3.80000000e+01 
 1.58300000e-04  6.68000000e-01  1.58300000e-04  3.80000000e+01 
 1.58500000e-04  6.60000000e-01  1.58500000e-04  3.80000000e+01 
 1.58700000e-04  6.52000000e-01  1.58700000e-04  3.80000000e+01 
 1.58900000e-04  6.44000000e-01  1.58900000e-04  3.80000000e+01 
 1.59100000e-04  6.36000000e-01  1.59100000e-04  3.80000000e+01 
 1.59300000e-04  6.28000000e-01  1.59300000e-04  3.80000000e+01 
 1.59500000e-04  6.20000000e-01  1.59500000e-04  3.40000000e+01 
 1.59700000e-04  6.12000000e-01  1.59700000e-04  3.40000000e+01 
 1.59900000e-04  6.04000000e-01  1.59900000e-04  3.40000000e+01 
 1.60100000e-04  5.96000000e-01  1.60100000e-04  3.40000000e+01 
 1.60300000e-04  5.88000000e-01  1.60300000e-04  3.40000000e+01 
 1.60500000e-04  5.80000000e-01  1.60500000e-04  3.40000000e+01 
 1.60700000e-04  5.72000000e-01  1.60700000e-04  3.40000000e+01 
 1.60900000e-04  5.64000000e-01  1.60900000e-04  3.40000000e+01 
 1.61100000e-04  5.56000000e-01  1.61100000e-04  3.00000000e+01 
 1.61300000e-04  5.48000000e-01  1.61300000e-04  3.00000000e+01 
 1.61500000e-04  5.40000000e-01  1.61500000e-04  3.00000000e+01 
 1.61700000e-04  5.32000000e-01  1.61700000e-04  3.00000000e+01 
 1.61900000e-04  5.24000000e-01  1.61900000e-04  3.00000000e+01 
 1.62100000e-04  5.16000000e-01  1.62100000e-04  3.00000000e+01 
 1.62300000e-04  5.08000000e-01  1.62300000e-04  3.00000000e+01 
 1.62500000e-04  5.00000000e-01  1.62500000e-04  2.70000000e+01 
 1.62700000e-04  4.92000000e-01  1.62700000e-04  2.70000000e+01 
 1.62900000e-04  4.84000000e-01  1.62900000e-04  2.70000000e+01 
 1.63100000e-04  4.76000000e-01  1.63100000e-04  2.70000000e+01 
 1.63300000e-04  4.68000000e-01  1.63300000e-04  2.70000000e+01 
 1.63500000e-04  4.60000000e-01  1.63500000e-04  2.70000000e+01 
 1.63700000e-04  4.52000000e-01  1.63700000e-04  2.70000000e+01 
 1.63900000e-04  4.44000000e-01  1.63900000e-04  2.70000000e+01 
 1.64100000e-04  4.36000000e-01  1.64100000e-04  2.30000000e+01 
 1.64300000e-04  4.28000000e-01  1.64300000e-04  2.30000000e+01 
 1.64500000e-04  4.20000000e-01  1.64500000e-04  2.30000000e+01 
 1.64700000e-04  4.12000000e-01  1.64700000e-04  2.30000000e+01 
 1.64900000e-04  4.04000000e-01  1.64900000e-04  2.30000000e+01 
 1.65100000e-04  3.96000000e-01  1.65100000e-04  2.30000000e+01 
 1.65300000e-04  3.88000000e-01  1.65300000e-04  2.30000000e+01 
 1.65500000e-04  3.80000000e-01  1.65500000e-04  2.30000000e+01 
 1.65700000e-04  3.72000000e-01  1.65700000e-04  1.90000000e+01 
 1.65900000e-04  3.64000000e-01  1.65900000e-04  1.90000000e+01 
 1.66100000e-04  3.56000000e-01  1.66100000e-04  1.90000000e+01 
 1.66300000e-04  3.48000000e-01  1.66300000e-04  1.90000000e+01 
 1.66500000e-04  3.40000000e-01  1.66500000e-04  1.90000000e+01 
 1.66700000e-04  3.32000000e-01  1.66700000e-04  1.90000000e+01 
 1.66900000e-04  3.24000000e-01  1.66900000e-04  1.90000000e+01 
 1.67100000e-04  3.16000000e-01  1.67100000e-04  1.90000000e+01 
 1.67300000e-04  3.08000000e-01  1.67300000e-04  1.50000000e+01 
 1.67500000e-04  3.00000000e-01  1.67500000e-04  1.50000000e+01 
 1.67700000e-04  2.92000000e-01  1.67700000e-04  1.50000000e+01 
 1.67900000e-04  2.84000000e-01  1.67900000e-04  1.50000000e+01 
 1.68100000e-04  2.76000000e-01  1.68100000e-04  1.50000000e+01 
 1.68300000e-04  2.68000000e-01  1.68300000e-04  1.50000000e+01 
 1.68500000e-04  2.60000000e-01  1.68500000e-04  1.50000000e+01 
 1.68700000e-04  2.52000000e-01  1.68700000e-04  1.50000000e+01 
 1.68900000e-04  2.44000000e-01  1.68900000e-04  1.20000000e+01 
 1.69100000e-04  2.36000000e-01  1.69100000e-04  1.20000000e+01 
 1.69300000e-04  2.28000000e-01  1.69300000e-04  1.20000000e+01 
 1.69500000e-04  2.20000000e-01  1.69500000e-04  1.20000000e+01 
 1.69700000e-04  2.12000000e-01  1.69700000e-04  1.20000000e+01 
 1.69900000e-04  2.04000000e-01  1.69900000e-04  1.20000000e+01 
 1.70100000e-04  1.96000000e-01  1.70100000e-04  1.20000000e+01 
 1.70300000e-04  1.88000000e-01  1.70300000e-04  1.20000000e+01 
 1.70500000e-04  1.80000000e-01  1.70500000e-04  8.00000000e+00 
 1.70700000e-04  1.72000000e-01  1.70700000e-04  8.00000000e+00 
 1.70900000e-04  1.64000000e-01  1.70900000e-04  8.00000000e+00 
 1.71100000e-04  1.56000000e-01  1.71100000e-04  8.00000000e+00 
 1.71300000e-04  1.48000000e-01  1.71300000e-04  8.00000000e+00 
 1.71500000e-04  1.40000000e-01  1.71500000e-04  8.00000000e+00 
 1.71700000e-04  1.32000000e-01  1.71700000e-04  8.00000000e+00 
 1.71900000e-04  1.24000000e-01  1.71900000e-04  4.00000000e+00 
 1.72100000e-04  1.16000000e-01  1.72100000e-04  4.00000000e+00 
 1.72300000e-04  1.08000000e-01  1.72300000e-04  4.00000000e+00 
 1.72500000e-04  1.00000000e-01  1.72500000e-04  4.00000000e+00 
 1.72700000e-04  9.20000000e-02  1.72700000e-04  4.00000000e+00 
 1.72900000e-04  8.40000000e-02  1.72900000e-04  4.00000000e+00 
 1.73100000e-04  7.60000000e-02  1.73100000e-04  4.00000000e+00 
 1.73300000e-04  6.80000000e-02  1.73300000e-04  4.00000000e+00 
 1.73500000e-04  6.00000000e-02  1.73500000e-04  0.00000000e+00 
 1.73700000e-04  5.20000000e-02  1.73700000e-04  0.00000000e+00 
 1.73900000e-04  4.40000000e-02  1.73900000e-04  0.00000000e+00 
 1.74100000e-04  3.60000000e-02  1.74100000e-04  0.00000000e+00 
 1.74300000e-04  2.80000000e-02  1.74300000e-04  0.00000000e+00 
 1.74500000e-04  2.00000000e-02  1.74500000e-04  0.00000000e+00 
 1.74700000e-04  1.20000000e-02  1.74700000e-04  0.00000000e+00 
 1.74900000e-04  4.00000000e-03  1.74900000e-04  0.00000000e+00 
 1.75100000e-04 -4.00000000e-03  1.75100000e-04 -3.00000000e+00 
 1.75300000e-04 -1.20000000e-02  1.75300000e-04 -3.00000000e+00 
 1.75500000e-04 -2.00000000e-02  1.75500000e-04 -3.00000000e+00 
 1.75700000e-04 -2.80000000e-02  1.75700000e-04 -3.00000000e+00 
 1.75900000e-04 -3.60000000e-02  1.75900000e-04 -3.00000000e+00 
 1.76100000e-04 -4.40000000e-02  1.76100000e-04 -3.00000000e+00 
 1.76300000e-04 -5.20000000e-02  1.76300000e-04 -3.00000000e+00 
 1.76500000e-04 -6.00000000e-02  1.76500000e-04 -3.00000000e+00 
 1.76700000e-04 -6.80000000e-02  1.76700000e-04 -7.00000000e+00 
 1.76900000e-04 -7.60000000e-02  1.76900000e-04 -7.00000000e+00 
 1.77100000e-04 -8.40000000e-02  1.77100000e-04 -7.00000000e+00 
 1.77300000e-04 -9.20000000e-02  1.77300000e-04 -7.00000000e+00 
 1.77500000e-04 -1.00000000e-01  1.77500000e-04 -7.00000000e+00 
 1.77700000e-04 -1.08000000e-01  1.77700000e-04 -7.00000000e+00 
 1.77900000e-04 -1.16000000e-01  1.77900000e-04 -7.00000000e+00 
 1.78100000e-04 -1.24000000e-01  1.78100000e-04 -7.00000000e+00 
 1.78300000e-04 -1.32000000e-01  1.78300000e-04 -1.10000000e+01 
 1.78500000e-04 -1.40000000e-01  1.78500000e-04 -1.10000000e+01 
 1.78700000e-04 -1.48000000e-01  1.78700000e-04 -1.10000000e+01 
 1.78900000e-04 -1.56000000e-01  1.78900000e-04 -1.10000000e+01 
 1.79100000e-04 -1.64000000e-01  1.79100000e-04 -1.10000000e+01 
 1.79300000e-04 -1.72000000e-01  1.79300000e-04 -1.10000000e+01 
 1.79500000e-04 -1.80000000e-01  1.79500000e-04 -1.10000000e+01 
 1.79700000e-04 -1.88000000e-01  1.79700000e-04 -1.50000000e+01 
 1.79900000e-04 -1.96000000e-01  1.79900000e-04 -1.50000000e+01 
 1.80100000e-04 -2.04000000e-01  1.80100000e-04 -1.50000000e+01 
 1.80300000e-04 -2.12000000e-01  1.80300000e-04 -1.50000000e+01 
 1.80500000e-04 -2.20000000e-01  1.80500000e-04 -1.50000000e+01 
 1.80700000e-04 -2.28000000e-01  1.80700000e-04 -1.50000000e+01 
 1.80900000e-04 -2.36000000e-01  1.80900000e-04 -1.50000000e+01 
 1.81100000e-04 -2.44000000e-01  1.81100000e-04 -1.50000000e+01 
 1.81300000e-04 -2.52000000e-01  1.81300000e-04 -1.80000000e+01 
 1.81500000e-04 -2.60000000e-01  1.81500000e-04 -1.80000000e+01 
 1.81700000e-04 -2.68000000e-01  1.81700000e-04 -1.80000000e+01 
 1.81900000e-04 -2.76000000e-01  1.81900000e-04 -1.80000000e+01 
 1.82100000e-04 -2.84000000e-01  1.82100000e-04 -1.80000000e+01 
 1.82300000e-04 -2.92000000e-01  1.82300000e-04 -1.80000000e+01 
 1.82500000e-04 -3.00000000e-01  1.82500000e-04 -1.80000000e+01 
 1.82700000e-04 -3.08000000e-01  1.82700000e-04 -1.80000000e+01 
 1.82900000e-04 -3.16000000e-01  1.82900000e-04 -2.20000000e+01 
 1.83100000e-04 -3.24000000e-01  1.83100000e-04 -2.20000000e+01 
 1.83300000e-04 -3.32000000e-01  1.83300000e-04 -2.20000000e+01 
 1.83500000e-04 -3.40000000e-01  1.83500000e-04 -2.20000000e+01 
 1.83700000e-04 -3.48000000e-01  1.83700000e-04 -2.20000000e+01 
 1.83900000e-04 -3.56000000e-01  1.83900000e-04 -2.20000000e+01 
 1.84100000e-04 -3.64000000e-01  1.84100000e-04 -2.20000000e+01 
 1.84300000e-04 -3.72000000e-01  1.84300000e-04 -2.20000000e+01 
 1.84500000e-04 -3.80000000e-01  1.84500000e-04 -2.60000000e+01 
 1.84700000e-04 -3.88000000e-01  1.84700000e-04 -2.60000000e+01 
 1.84900000e-04 -3.96000000e-01  1.84900000e-04 -2.60000000e+01 
 1.85100000e-04 -4.04000000e-01  1.85100000e-04 -2.60000000e+01 
 1.85300000e-04 -4.12000000e-01  1.85300000e-04 -2.60000000e+01 
 1.85500000e-04 -4.20000000e-01  1.85500000e-04 -2.60000000e+01 
 1.85700000e-04 -4.28000000e-01  1.85700000e-04 -2.60000000e+01 
 1.85900000e-04 -4.36000000e-01  1.85900000e-04 -2.60000000e+01 
 1.86100000e-04 -4.44000000e-01  1.86100000e-04 -3.00000000e+01 
 1.86300000e-04 -4.52000000e-01  1.86300000e-04 -3.00000000e+01 
 1.86500000e-04 -4.60000000e-01  1.86500000e-04 -3.00000000e+01 
 1.86700000e-04 -4.68000000e-01  1.86700000e-04 -3.00000000e+01 
 1.86900000e-04 -4.76000000e-01  1.86900000e-04 -3.00000000e+01 
 1.87100000e-04 -4.84000000e-01  1.87100000e-04 -3.00000000e+01 
 1.87300000e-04 -4.92000000e-01  1.87300000e-04 -3.00000000e+01 
 1.87500000e-04 -5.00000000e-01  1.87500000e-04 -3.30000000e+01 
 1.87700000e-04 -5.08000000e-01  1.87700000e-04 -3.30000000e+01 
 1.87900000e-04 -5.16000000e-01  1.87900000e-04 -3.30000000e+01 
 1.88100000e-04 -5.24000000e-01  1.88100000e-04 -3.30000000e+01 
 1.88300000e-04 -5.32000000e-01  1.88300000e-04 -3.30000000e+01 
 1.88500000e-04 -5.40000000e-01  1.88500000e-04 -3.30000000e+01 
 1.88700000e-04 -5.48000000e-01  1.88700000e-04 -3.30000000e+01 
 1.88900000e-04 -5.56000000e-01  1.88900000e-04 -3.30000000e+01 
 1.89100000e-04 -5.64000000e-01  1.89100000e-04 -3.70000000e+01 
 1.89300000e-04 -5.72000000e-01  1.89300000e-04 -3.70000000e+01 
 1.89500000e-04 -5.80000000e-01  1.89500000e-04 -3.70000000e+01 
 1.89700000e-04 -5.88000000e-01  1.89700000e-04 -3.70000000e+01 
 1.89900000e-04 -5.96000000e-01  1.89900000e-04 -3.70000000e+01 
 1.90100000e-04 -6.04000000e-01  1.90100000e-04 -3.70000000e+01 
 1.90300000e-04 -6.12000000e-01  1.90300000e-04 -3.70000000e+01 
 1.90500000e-04 -6.20000000e-01  1.90500000e-04 -3.70000000e+01 
 1.90700000e-04 -6.28000000e-01  1.90700000e-04 -4.10000000e+01 
 1.90900000e-04 -6.36000000e-01  1.90900000e-04 -4.10000000e+01 
 1.91100000e-04 -6.44000000e-01  1.91100000e-04 -4.10000000e+01 
 1.91300000e-04 -6.52000000e-01  1.91300000e-04 -4.10000000e+01 
 1.91500000e-04 -6.60000000e-01  1.91500000e-04 -4.10000000e+01 
 1.91700000e-04 -6.68000000e-01  1.91700000e-04 -4.10000000e+01 
 1.91900000e-04 -6.76000000e-01  1.91900000e-04 -4.10000000e+01 
 1.92100000e-04 -6.84000000e-01  1.92100000e-04 -4.10000000e+01 
 1.92300000e-04 -6.92000000e-01  1.92300000e-04 -4.50000000e+01 
 1.92500000e-04 -7.00000000e-01  1.92500000e-04 -4.50000000e+01 
 1.92700000e-04 -7.08000000e-01  1.92700000e-04 -4.50000000e+01 
 1.92900000e-04 -7.16000000e-01  1.92900000e-04 -4.50000000e+01 
 1.93100000e-04 -7.24000000e-01  1.93100000e-04 -4.50000000e+01 
 1.93300000e-04 -7.32000000e-01  1.93300000e-04 -4.50000000e+01 
 1.93500000e-04 -7.40000000e-01  1.93500000e-04 -4.50000000e+01 
 1.93700000e-04 -7.48000000e-01  1.93700000e-04 -4.50000000e+01 
 1.93900000e-04 -7.56000000e-01  1.93900000e-04 -4.80000000e+01 
 1.94100000e-04 -7.64000000e-01  1.94100000e-04 -4.80000000e+01 
 1.94300000e-04 -7.72000000e-01  1.94300000e-04 -4.80000000e+01 
 1.94500000e-04 -7.80000000e-01  1.94500000e-04 -4.80000000e+01 
 1.94700000e-04 -7.88000000e-01  1.94700000e-04 -4.80000000e+01 
 1.94900000e-04 -7.96000000e-01  1.94900000e-04 -4.80000000e+01 
 1.95100000e-04 -8.04000000e-01  1.95100000e-04 -4.80000000e+01 
 1.95300000e-04 -8.12000000e-01  1.95300000e-04 -4.80000000e+01 
 1.95500000e-04 -8.20000000e-01  1.95500000e-04 -5.20000000e+01 
 1.95700000e-04 -8.28000000e-01  1.95700000e-04 -5.20000000e+01 
 1.95900000e-04 -8.36000000e-01  1.95900000e-04 -5.20000000e+01 
 1.96100000e-04 -8.44000000e-01  1.96100000e-04 -5.20000000e+01 
 1.96300000e-04 -8.52000000e-01  1.96300000e-04 -5.20000000e+01 
 1.96500000e-04 -8.60000000e-01  1.96500000e-04 -5.20000000e+01 
 1.96700000e-04 -8.68000000e-01  1.96700000e-04 -5.20000000e+01 
 1.96900000e-04 -8.76000000e-01  1.96900000e-04 -5.60000000e+01 
 1.97100000e-04 -8.84000000e-01  1.97100000e-04 -5.60000000e+01 
 1.97300000e-04 -8.92000000e-01  1.97300000e-04 -5.60000000e+01 
 1.97500000e-04 -9.00000000e-01  1.97500000e-04 -5.60000000e+01 
 1.97700000e-04 -9.08000000e-01  1.97700000e-04 -5.60000000e+01 
 1.97900000e-04 -9.16000000e-01  1.97900000e-04 -5.60000000e+01 
 1.98100000e-04 -9.24000000e-01  1.98100000e-04 -5.60000000e+01 
 1.98300000e-04 -9.32000000e-01  1.98300000e-04 -5.60000000e+01 
 1.98500000e-04 -9.40000000e-01  1.98500000e-04 -6.00000000e+01 
 1.98700000e-04 -9.48000000e-01  1.98700000e-04 -6.00000000e+01 
 1.98900000e-04 -9.56000000e-01  1.98900000e-04 -6.00000000e+01 
 1.99100000e-04 -9.64000000e-01  1.99100000e-04 -6.00000000e+01 
 1.99300000e-04 -9.72000000e-01  1.99300000e-04 -6.00000000e+01 
 1.99500000e-04 -9.80000000e-01  1.99500000e-04 -6.00000000e+01 
 1.99700000e-04 -9.88000000e-01  1.99700000e-04 -6.00000000e+01 
 1.99850000e-04 -9.94000000e-01  1.99850000e-04 -6.00000000e+01 
 2.00000000e-04 -1.00000000e+00  2.00000000e-04 -6.00000000e+01 
