 0.00000000e+00  0.00000000e+00  0.00000000e+00  0.00000000e+00  0.00000000e+00  0.00000000e+00  0.00000000e+00  0.00000000e+00  0.00000000e+00  0.00000000e+00  0.00000000e+00  0.00000000e+00  0.00000000e+00  0.00000000e+00  0.00000000e+00  0.00000000e+00  0.00000000e+00  0.00000000e+00  0.00000000e+00  0.00000000e+00  0.00000000e+00  0.00000000e+00  0.00000000e+00  0.00000000e+00  0.00000000e+00  0.00000000e+00  0.00000000e+00  0.00000000e+00  0.00000000e+00  0.00000000e+00  0.00000000e+00  0.00000000e+00  0.00000000e+00  0.00000000e+00  0.00000000e+00  0.00000000e+00  0.00000000e+00  0.00000000e+00  0.00000000e+00  0.00000000e+00  0.00000000e+00  0.00000000e+00  0.00000000e+00  0.00000000e+00  0.00000000e+00  0.00000000e+00  0.00000000e+00  0.00000000e+00  0.00000000e+00  0.00000000e+00  0.00000000e+00  0.00000000e+00  0.00000000e+00  0.00000000e+00  0.00000000e+00  0.00000000e+00  0.00000000e+00  0.00000000e+00  0.00000000e+00  0.00000000e+00 
 2.00000000e-02  1.94575300e-02  2.00000000e-02  2.14009544e-02  2.00000000e-02  2.31501377e-02  2.00000000e-02  1.54911347e-02  2.00000000e-02  2.32876255e-02  2.00000000e-02  1.89723923e-02  2.00000000e-02  1.70387758e-02  2.00000000e-02  2.81741424e-02  2.00000000e-02  1.78533756e-02  2.00000000e-02  2.19807703e-02  2.00000000e-02  1.60948992e-02  2.00000000e-02  1.65631478e-02  2.00000000e-02  2.44012792e-02  2.00000000e-02  2.09212895e-02  2.00000000e-02  2.13792347e-02  2.00000000e-02  2.38806508e-02  2.00000000e-02  1.75686502e-02  2.00000000e-02  2.18377095e-02  2.00000000e-02  1.76911863e-02  2.00000000e-02  1.94267636e-02  2.00000000e-02  2.98439877e-02  2.00000000e-02  1.73317278e-02  2.00000000e-02  1.69802474e-02  2.00000000e-02  1.75115217e-02  2.00000000e-02  2.00348965e-02  2.00000000e-02  1.92556829e-02  2.00000000e-02  2.30395524e-02  2.00000000e-02  1.89324440e-02  2.00000000e-02  2.05502894e-02  2.00000000e-02  1.96201890e-02 
 4.00000000e-02  3.89150601e-02  4.00000000e-02  4.28019087e-02  4.00000000e-02  4.63002755e-02  4.00000000e-02  3.09822694e-02  4.00000000e-02  4.65752510e-02  4.00000000e-02  3.79447845e-02  4.00000000e-02  3.40775516e-02  4.00000000e-02  5.63482848e-02  4.00000000e-02  3.57067513e-02  4.00000000e-02  4.39615406e-02  4.00000000e-02  3.21897985e-02  4.00000000e-02  3.31262956e-02  4.00000000e-02  4.88025584e-02  4.00000000e-02  4.18425791e-02  4.00000000e-02  4.27584695e-02  4.00000000e-02  4.77613017e-02  4.00000000e-02  3.51373003e-02  4.00000000e-02  4.36754190e-02  4.00000000e-02  3.53823726e-02  4.00000000e-02  3.88535273e-02  4.00000000e-02  5.96879754e-02  4.00000000e-02  3.46634555e-02  4.00000000e-02  3.39604949e-02  4.00000000e-02  3.50230435e-02  4.00000000e-02  4.00697930e-02  4.00000000e-02  3.85113659e-02  4.00000000e-02  4.60791048e-02  4.00000000e-02  3.78648880e-02  4.00000000e-02  4.11005787e-02  4.00000000e-02  3.92403781e-02 
 6.00000000e-02  5.83725901e-02  6.00000000e-02  6.42028631e-02  6.00000000e-02  6.94504132e-02  6.00000000e-02  4.64734042e-02  6.00000000e-02  6.98628765e-02  6.00000000e-02  5.69171768e-02  6.00000000e-02  5.11163274e-02  6.00000000e-02  8.45224273e-02  6.00000000e-02  5.35601269e-02  6.00000000e-02  6.59423110e-02  6.00000000e-02  4.82846977e-02  6.00000000e-02  4.96894434e-02  6.00000000e-02  7.32038376e-02  6.00000000e-02  6.27638686e-02  6.00000000e-02  6.41377042e-02  6.00000000e-02  7.16419525e-02  6.00000000e-02  5.27059505e-02  6.00000000e-02  6.55131285e-02  6.00000000e-02  5.30735589e-02  6.00000000e-02  5.82802909e-02  6.00000000e-02  8.95319630e-02  6.00000000e-02  5.19951833e-02  6.00000000e-02  5.09407423e-02  6.00000000e-02  5.25345652e-02  6.00000000e-02  6.01046896e-02  6.00000000e-02  5.77670488e-02  6.00000000e-02  6.91186572e-02  6.00000000e-02  5.67973320e-02  6.00000000e-02  6.16508681e-02  6.00000000e-02  5.88605671e-02 
 8.00000000e-02  7.78301201e-02  8.00000000e-02  8.56038175e-02  8.00000000e-02  9.26005509e-02  8.00000000e-02  6.19645389e-02  8.00000000e-02  9.31505020e-02  8.00000000e-02  7.58895691e-02  8.00000000e-02  6.81551032e-02  8.00000000e-02  1.12696570e-01  8.00000000e-02  7.14135025e-02  8.00000000e-02  8.79230813e-02  8.00000000e-02  6.43795970e-02  8.00000000e-02  6.62525912e-02  8.00000000e-02  9.76051168e-02  8.00000000e-02  8.36851582e-02  8.00000000e-02  8.55169390e-02  8.00000000e-02  9.55226034e-02  8.00000000e-02  7.02746006e-02  8.00000000e-02  8.73508380e-02  8.00000000e-02  7.07647452e-02  8.00000000e-02  7.77070546e-02  8.00000000e-02  1.19375951e-01  8.00000000e-02  6.93269111e-02  8.00000000e-02  6.79209898e-02  8.00000000e-02  7.00460869e-02  8.00000000e-02  8.01395861e-02  8.00000000e-02  7.70227318e-02  8.00000000e-02  9.21582095e-02  8.00000000e-02  7.57297760e-02  8.00000000e-02  8.22011574e-02  8.00000000e-02  7.84807562e-02 
 1.00000000e-01  9.72876501e-02  1.00000000e-01  1.07004772e-01  1.00000000e-01  1.15750689e-01  1.00000000e-01  7.74556736e-02  1.00000000e-01  1.16438128e-01  1.00000000e-01  9.48619613e-02  1.00000000e-01  8.51938790e-02  1.00000000e-01  1.40870712e-01  1.00000000e-01  8.92668782e-02  1.00000000e-01  1.09903852e-01  1.00000000e-01  8.04744962e-02  1.00000000e-01  8.28157390e-02  1.00000000e-01  1.22006396e-01  1.00000000e-01  1.04606448e-01  1.00000000e-01  1.06896174e-01  1.00000000e-01  1.19403254e-01  1.00000000e-01  8.78432508e-02  1.00000000e-01  1.09188547e-01  1.00000000e-01  8.84559315e-02  1.00000000e-01  9.71338182e-02  1.00000000e-01  1.49219938e-01  1.00000000e-01  8.66586388e-02  1.00000000e-01  8.49012372e-02  1.00000000e-01  8.75576087e-02  1.00000000e-01  1.00174483e-01  1.00000000e-01  9.62784147e-02  1.00000000e-01  1.15197762e-01  1.00000000e-01  9.46622200e-02  1.00000000e-01  1.02751447e-01  1.00000000e-01  9.81009452e-02 
 1.20000000e-01  1.16745180e-01  1.20000000e-01  1.28405726e-01  1.20000000e-01  1.38900826e-01  1.20000000e-01  9.29468083e-02  1.20000000e-01  1.39725753e-01  1.20000000e-01  1.13834354e-01  1.20000000e-01  1.02232655e-01  1.20000000e-01  1.69044855e-01  1.20000000e-01  1.07120254e-01  1.20000000e-01  1.31884622e-01  1.20000000e-01  9.65693955e-02  1.20000000e-01  9.93788868e-02  1.20000000e-01  1.46407675e-01  1.20000000e-01  1.25527737e-01  1.20000000e-01  1.28275408e-01  1.20000000e-01  1.43283905e-01  1.20000000e-01  1.05411901e-01  1.20000000e-01  1.31026257e-01  1.20000000e-01  1.06147118e-01  1.20000000e-01  1.16560582e-01  1.20000000e-01  1.79063926e-01  1.20000000e-01  1.03990367e-01  1.20000000e-01  1.01881485e-01  1.20000000e-01  1.05069130e-01  1.20000000e-01  1.20209379e-01  1.20000000e-01  1.15534098e-01  1.20000000e-01  1.38237314e-01  1.20000000e-01  1.13594664e-01  1.20000000e-01  1.23301736e-01  1.20000000e-01  1.17721134e-01 
 1.40000000e-01  1.36202710e-01  1.40000000e-01  1.49806681e-01  1.40000000e-01  1.62050964e-01  1.40000000e-01  1.08437943e-01  1.40000000e-01  1.63013379e-01  1.40000000e-01  1.32806746e-01  1.40000000e-01  1.19271431e-01  1.40000000e-01  1.97218997e-01  1.40000000e-01  1.24973629e-01  1.40000000e-01  1.53865392e-01  1.40000000e-01  1.12664295e-01  1.40000000e-01  1.15942035e-01  1.40000000e-01  1.70808954e-01  1.40000000e-01  1.46449027e-01  1.40000000e-01  1.49654643e-01  1.40000000e-01  1.67164556e-01  1.40000000e-01  1.22980551e-01  1.40000000e-01  1.52863966e-01  1.40000000e-01  1.23838304e-01  1.40000000e-01  1.35987346e-01  1.40000000e-01  2.08907914e-01  1.40000000e-01  1.21322094e-01  1.40000000e-01  1.18861732e-01  1.40000000e-01  1.22580652e-01  1.40000000e-01  1.40244276e-01  1.40000000e-01  1.34789781e-01  1.40000000e-01  1.61276867e-01  1.40000000e-01  1.32527108e-01  1.40000000e-01  1.43852026e-01  1.40000000e-01  1.37341323e-01 
 1.60000000e-01  1.55660240e-01  1.60000000e-01  1.71207635e-01  1.60000000e-01  1.85201102e-01  1.60000000e-01  1.23929078e-01  1.60000000e-01  1.86301004e-01  1.60000000e-01  1.51779138e-01  1.60000000e-01  1.36310206e-01  1.60000000e-01  2.25393139e-01  1.60000000e-01  1.42827005e-01  1.60000000e-01  1.75846163e-01  1.60000000e-01  1.28759194e-01  1.60000000e-01  1.32505182e-01  1.60000000e-01  1.95210234e-01  1.60000000e-01  1.67370316e-01  1.60000000e-01  1.71033878e-01  1.60000000e-01  1.91045207e-01  1.60000000e-01  1.40549201e-01  1.60000000e-01  1.74701676e-01  1.60000000e-01  1.41529490e-01  1.60000000e-01  1.55414109e-01  1.60000000e-01  2.38751901e-01  1.60000000e-01  1.38653822e-01  1.60000000e-01  1.35841980e-01  1.60000000e-01  1.40092174e-01  1.60000000e-01  1.60279172e-01  1.60000000e-01  1.54045464e-01  1.60000000e-01  1.84316419e-01  1.60000000e-01  1.51459552e-01  1.60000000e-01  1.64402315e-01  1.60000000e-01  1.56961512e-01 
 1.80000000e-01  1.75117770e-01  1.80000000e-01  1.92608589e-01  1.80000000e-01  2.08351240e-01  1.80000000e-01  1.39420213e-01  1.80000000e-01  2.09588630e-01  1.80000000e-01  1.70751530e-01  1.80000000e-01  1.53348982e-01  1.80000000e-01  2.53567282e-01  1.80000000e-01  1.60680381e-01  1.80000000e-01  1.97826933e-01  1.80000000e-01  1.44854093e-01  1.80000000e-01  1.49068330e-01  1.80000000e-01  2.19611513e-01  1.80000000e-01  1.88291606e-01  1.80000000e-01  1.92413113e-01  1.80000000e-01  2.14925858e-01  1.80000000e-01  1.58117851e-01  1.80000000e-01  1.96539385e-01  1.80000000e-01  1.59220677e-01  1.80000000e-01  1.74840873e-01  1.80000000e-01  2.68595889e-01  1.80000000e-01  1.55985550e-01  1.80000000e-01  1.52822227e-01  1.80000000e-01  1.57603696e-01  1.80000000e-01  1.80314069e-01  1.80000000e-01  1.73301146e-01  1.80000000e-01  2.07355971e-01  1.80000000e-01  1.70391996e-01  1.80000000e-01  1.84952604e-01  1.80000000e-01  1.76581701e-01 
 2.00000000e-01  1.94575300e-01  2.00000000e-01  2.14009544e-01  2.00000000e-01  2.31501377e-01  2.00000000e-01  1.54911347e-01  2.00000000e-01  2.32876255e-01  2.00000000e-01  1.89723923e-01  2.00000000e-01  1.70387758e-01  2.00000000e-01  2.81741424e-01  2.00000000e-01  1.78533756e-01  2.00000000e-01  2.19807703e-01  2.00000000e-01  1.60948992e-01  2.00000000e-01  1.65631478e-01  2.00000000e-01  2.44012792e-01  2.00000000e-01  2.09212895e-01  2.00000000e-01  2.13792347e-01  2.00000000e-01  2.38806508e-01  2.00000000e-01  1.75686502e-01  2.00000000e-01  2.18377095e-01  2.00000000e-01  1.76911863e-01  2.00000000e-01  1.94267636e-01  2.00000000e-01  2.98439877e-01  2.00000000e-01  1.73317278e-01  2.00000000e-01  1.69802474e-01  2.00000000e-01  1.75115217e-01  2.00000000e-01  2.00348965e-01  2.00000000e-01  1.92556829e-01  2.00000000e-01  2.30395524e-01  2.00000000e-01  1.89324440e-01  2.00000000e-01  2.05502894e-01  2.00000000e-01  1.96201890e-01 
 2.20000000e-01  2.14032830e-01  2.20000000e-01  2.35410498e-01  2.20000000e-01  2.54651515e-01  2.20000000e-01  1.70402482e-01  2.20000000e-01  2.56163881e-01  2.20000000e-01  2.08696315e-01  2.20000000e-01  1.87426534e-01  2.20000000e-01  3.09915567e-01  2.20000000e-01  1.96387132e-01  2.20000000e-01  2.41788474e-01  2.20000000e-01  1.77043892e-01  2.20000000e-01  1.82194626e-01  2.20000000e-01  2.68414071e-01  2.20000000e-01  2.30134185e-01  2.20000000e-01  2.35171582e-01  2.20000000e-01  2.62687159e-01  2.20000000e-01  1.93255152e-01  2.20000000e-01  2.40214804e-01  2.20000000e-01  1.94603049e-01  2.20000000e-01  2.13694400e-01  2.20000000e-01  3.28283864e-01  2.20000000e-01  1.90649005e-01  2.20000000e-01  1.86782722e-01  2.20000000e-01  1.92626739e-01  2.20000000e-01  2.20383862e-01  2.20000000e-01  2.11812512e-01  2.20000000e-01  2.53435076e-01  2.20000000e-01  2.08256884e-01  2.20000000e-01  2.26053183e-01  2.20000000e-01  2.15822080e-01 
 2.40000000e-01  2.33490360e-01  2.40000000e-01  2.56811452e-01  2.40000000e-01  2.77801653e-01  2.40000000e-01  1.85893617e-01  2.40000000e-01  2.79451506e-01  2.40000000e-01  2.27668707e-01  2.40000000e-01  2.04465309e-01  2.40000000e-01  3.38089709e-01  2.40000000e-01  2.14240508e-01  2.40000000e-01  2.63769244e-01  2.40000000e-01  1.93138791e-01  2.40000000e-01  1.98757774e-01  2.40000000e-01  2.92815350e-01  2.40000000e-01  2.51055475e-01  2.40000000e-01  2.56550817e-01  2.40000000e-01  2.86567810e-01  2.40000000e-01  2.10823802e-01  2.40000000e-01  2.62052514e-01  2.40000000e-01  2.12294236e-01  2.40000000e-01  2.33121164e-01  2.40000000e-01  3.58127852e-01  2.40000000e-01  2.07980733e-01  2.40000000e-01  2.03762969e-01  2.40000000e-01  2.10138261e-01  2.40000000e-01  2.40418758e-01  2.40000000e-01  2.31068195e-01  2.40000000e-01  2.76474629e-01  2.40000000e-01  2.27189328e-01  2.40000000e-01  2.46603472e-01  2.40000000e-01  2.35442269e-01 
 2.60000000e-01  2.52947890e-01  2.60000000e-01  2.78212407e-01  2.60000000e-01  3.00951791e-01  2.60000000e-01  2.01384751e-01  2.60000000e-01  3.02739132e-01  2.60000000e-01  2.46641099e-01  2.60000000e-01  2.21504085e-01  2.60000000e-01  3.66263851e-01  2.60000000e-01  2.32093883e-01  2.60000000e-01  2.85750014e-01  2.60000000e-01  2.09233690e-01  2.60000000e-01  2.15320921e-01  2.60000000e-01  3.17216630e-01  2.60000000e-01  2.71976764e-01  2.60000000e-01  2.77930052e-01  2.60000000e-01  3.10448461e-01  2.60000000e-01  2.28392452e-01  2.60000000e-01  2.83890223e-01  2.60000000e-01  2.29985422e-01  2.60000000e-01  2.52547927e-01  2.60000000e-01  3.87971840e-01  2.60000000e-01  2.25312461e-01  2.60000000e-01  2.20743217e-01  2.60000000e-01  2.27649783e-01  2.60000000e-01  2.60453655e-01  2.60000000e-01  2.50323878e-01  2.60000000e-01  2.99514181e-01  2.60000000e-01  2.46121772e-01  2.60000000e-01  2.67153762e-01  2.60000000e-01  2.55062458e-01 
 2.80000000e-01  2.72405420e-01  2.80000000e-01  2.99613361e-01  2.80000000e-01  3.24101928e-01  2.80000000e-01  2.16875886e-01  2.80000000e-01  3.26026757e-01  2.80000000e-01  2.65613492e-01  2.80000000e-01  2.38542861e-01  2.80000000e-01  3.94437994e-01  2.80000000e-01  2.49947259e-01  2.80000000e-01  3.07730784e-01  2.80000000e-01  2.25328589e-01  2.80000000e-01  2.31884069e-01  2.80000000e-01  3.41617909e-01  2.80000000e-01  2.92898054e-01  2.80000000e-01  2.99309286e-01  2.80000000e-01  3.34329112e-01  2.80000000e-01  2.45961102e-01  2.80000000e-01  3.05727933e-01  2.80000000e-01  2.47676608e-01  2.80000000e-01  2.71974691e-01  2.80000000e-01  4.17815828e-01  2.80000000e-01  2.42644189e-01  2.80000000e-01  2.37723464e-01  2.80000000e-01  2.45161304e-01  2.80000000e-01  2.80488551e-01  2.80000000e-01  2.69579561e-01  2.80000000e-01  3.22553733e-01  2.80000000e-01  2.65054216e-01  2.80000000e-01  2.87704051e-01  2.80000000e-01  2.74682647e-01 
 3.00000000e-01  2.91862950e-01  3.00000000e-01  3.21014316e-01  3.00000000e-01  3.47252066e-01  3.00000000e-01  2.32367021e-01  3.00000000e-01  3.49314383e-01  3.00000000e-01  2.84585884e-01  3.00000000e-01  2.55581637e-01  3.00000000e-01  4.22612136e-01  3.00000000e-01  2.67800635e-01  3.00000000e-01  3.29711555e-01  3.00000000e-01  2.41423489e-01  3.00000000e-01  2.48447217e-01  3.00000000e-01  3.66019188e-01  3.00000000e-01  3.13819343e-01  3.00000000e-01  3.20688521e-01  3.00000000e-01  3.58209763e-01  3.00000000e-01  2.63529752e-01  3.00000000e-01  3.27565642e-01  3.00000000e-01  2.65367795e-01  3.00000000e-01  2.91401455e-01  3.00000000e-01  4.47659815e-01  3.00000000e-01  2.59975917e-01  3.00000000e-01  2.54703712e-01  3.00000000e-01  2.62672826e-01  3.00000000e-01  3.00523448e-01  3.00000000e-01  2.88835244e-01  3.00000000e-01  3.45593286e-01  3.00000000e-01  2.83986660e-01  3.00000000e-01  3.08254340e-01  3.00000000e-01  2.94302836e-01 
 3.20000000e-01  3.11320480e-01  3.20000000e-01  3.42415270e-01  3.20000000e-01  3.70402204e-01  3.20000000e-01  2.47858156e-01  3.20000000e-01  3.72602008e-01  3.20000000e-01  3.03558276e-01  3.20000000e-01  2.72620413e-01  3.20000000e-01  4.50786279e-01  3.20000000e-01  2.85654010e-01  3.20000000e-01  3.51692325e-01  3.20000000e-01  2.57518388e-01  3.20000000e-01  2.65010365e-01  3.20000000e-01  3.90420467e-01  3.20000000e-01  3.34740633e-01  3.20000000e-01  3.42067756e-01  3.20000000e-01  3.82090414e-01  3.20000000e-01  2.81098402e-01  3.20000000e-01  3.49403352e-01  3.20000000e-01  2.83058981e-01  3.20000000e-01  3.10828218e-01  3.20000000e-01  4.77503803e-01  3.20000000e-01  2.77307644e-01  3.20000000e-01  2.71683959e-01  3.20000000e-01  2.80184348e-01  3.20000000e-01  3.20558344e-01  3.20000000e-01  3.08090927e-01  3.20000000e-01  3.68632838e-01  3.20000000e-01  3.02919104e-01  3.20000000e-01  3.28804630e-01  3.20000000e-01  3.13923025e-01 
 3.40000000e-01  3.30778010e-01  3.40000000e-01  3.63816224e-01  3.40000000e-01  3.93552341e-01  3.40000000e-01  2.63349290e-01  3.40000000e-01  3.95889634e-01  3.40000000e-01  3.22530669e-01  3.40000000e-01  2.89659188e-01  3.40000000e-01  4.78960421e-01  3.40000000e-01  3.03507386e-01  3.40000000e-01  3.73673095e-01  3.40000000e-01  2.73613287e-01  3.40000000e-01  2.81573513e-01  3.40000000e-01  4.14821746e-01  3.40000000e-01  3.55661922e-01  3.40000000e-01  3.63446991e-01  3.40000000e-01  4.05971064e-01  3.40000000e-01  2.98667053e-01  3.40000000e-01  3.71241061e-01  3.40000000e-01  3.00750167e-01  3.40000000e-01  3.30254982e-01  3.40000000e-01  5.07347791e-01  3.40000000e-01  2.94639372e-01  3.40000000e-01  2.88664206e-01  3.40000000e-01  2.97695870e-01  3.40000000e-01  3.40593241e-01  3.40000000e-01  3.27346610e-01  3.40000000e-01  3.91672391e-01  3.40000000e-01  3.21851548e-01  3.40000000e-01  3.49354919e-01  3.40000000e-01  3.33543214e-01 
 3.60000000e-01  3.50235540e-01  3.60000000e-01  3.85217179e-01  3.60000000e-01  4.16702479e-01  3.60000000e-01  2.78840425e-01  3.60000000e-01  4.19177259e-01  3.60000000e-01  3.41503061e-01  3.60000000e-01  3.06697964e-01  3.60000000e-01  5.07134564e-01  3.60000000e-01  3.21360761e-01  3.60000000e-01  3.95653866e-01  3.60000000e-01  2.89708186e-01  3.60000000e-01  2.98136660e-01  3.60000000e-01  4.39223026e-01  3.60000000e-01  3.76583212e-01  3.60000000e-01  3.84826225e-01  3.60000000e-01  4.29851715e-01  3.60000000e-01  3.16235703e-01  3.60000000e-01  3.93078771e-01  3.60000000e-01  3.18441354e-01  3.60000000e-01  3.49681746e-01  3.60000000e-01  5.37191778e-01  3.60000000e-01  3.11971100e-01  3.60000000e-01  3.05644454e-01  3.60000000e-01  3.15207391e-01  3.60000000e-01  3.60628137e-01  3.60000000e-01  3.46602293e-01  3.60000000e-01  4.14711943e-01  3.60000000e-01  3.40783992e-01  3.60000000e-01  3.69905208e-01  3.60000000e-01  3.53163403e-01 
 3.80000000e-01  3.69693070e-01  3.80000000e-01  4.06618133e-01  3.80000000e-01  4.39852617e-01  3.80000000e-01  2.94331560e-01  3.80000000e-01  4.42464885e-01  3.80000000e-01  3.60475453e-01  3.80000000e-01  3.23736740e-01  3.80000000e-01  5.35308706e-01  3.80000000e-01  3.39214137e-01  3.80000000e-01  4.17634636e-01  3.80000000e-01  3.05803086e-01  3.80000000e-01  3.14699808e-01  3.80000000e-01  4.63624305e-01  3.80000000e-01  3.97504501e-01  3.80000000e-01  4.06205460e-01  3.80000000e-01  4.53732366e-01  3.80000000e-01  3.33804353e-01  3.80000000e-01  4.14916480e-01  3.80000000e-01  3.36132540e-01  3.80000000e-01  3.69108509e-01  3.80000000e-01  5.67035766e-01  3.80000000e-01  3.29302828e-01  3.80000000e-01  3.22624701e-01  3.80000000e-01  3.32718913e-01  3.80000000e-01  3.80663034e-01  3.80000000e-01  3.65857976e-01  3.80000000e-01  4.37751495e-01  3.80000000e-01  3.59716436e-01  3.80000000e-01  3.90455498e-01  3.80000000e-01  3.72783592e-01 
 4.00000000e-01  3.89150601e-01  4.00000000e-01  4.28019087e-01  4.00000000e-01  4.63002755e-01  4.00000000e-01  3.09822694e-01  4.00000000e-01  4.65752510e-01  4.00000000e-01  3.79447845e-01  4.00000000e-01  3.40775516e-01  4.00000000e-01  5.63482848e-01  4.00000000e-01  3.57067513e-01  4.00000000e-01  4.39615406e-01  4.00000000e-01  3.21897985e-01  4.00000000e-01  3.31262956e-01  4.00000000e-01  4.88025584e-01  4.00000000e-01  4.18425791e-01  4.00000000e-01  4.27584695e-01  4.00000000e-01  4.77613017e-01  4.00000000e-01  3.51373003e-01  4.00000000e-01  4.36754190e-01  4.00000000e-01  3.53823726e-01  4.00000000e-01  3.88535273e-01  4.00000000e-01  5.96879754e-01  4.00000000e-01  3.46634555e-01  4.00000000e-01  3.39604949e-01  4.00000000e-01  3.50230435e-01  4.00000000e-01  4.00697930e-01  4.00000000e-01  3.85113659e-01  4.00000000e-01  4.60791048e-01  4.00000000e-01  3.78648880e-01  4.00000000e-01  4.11005787e-01  4.00000000e-01  3.92403781e-01 
 4.20000000e-01  4.08608131e-01  4.20000000e-01  4.49420042e-01  4.20000000e-01  4.86152892e-01  4.20000000e-01  3.25313829e-01  4.20000000e-01  4.89040136e-01  4.20000000e-01  3.98420238e-01  4.20000000e-01  3.57814292e-01  4.20000000e-01  5.91656991e-01  4.20000000e-01  3.74920888e-01  4.20000000e-01  4.61596177e-01  4.20000000e-01  3.37992884e-01  4.20000000e-01  3.47826104e-01  4.20000000e-01  5.12426863e-01  4.20000000e-01  4.39347081e-01  4.20000000e-01  4.48963930e-01  4.20000000e-01  5.01493668e-01  4.20000000e-01  3.68941653e-01  4.20000000e-01  4.58591899e-01  4.20000000e-01  3.71514912e-01  4.20000000e-01  4.07962037e-01  4.20000000e-01  6.26723741e-01  4.20000000e-01  3.63966283e-01  4.20000000e-01  3.56585196e-01  4.20000000e-01  3.67741956e-01  4.20000000e-01  4.20732827e-01  4.20000000e-01  4.04369342e-01  4.20000000e-01  4.83830600e-01  4.20000000e-01  3.97581324e-01  4.20000000e-01  4.31556077e-01  4.20000000e-01  4.12023970e-01 
 4.40000000e-01  4.28065661e-01  4.40000000e-01  4.70820996e-01  4.40000000e-01  5.09303030e-01  4.40000000e-01  3.40804964e-01  4.40000000e-01  5.12327761e-01  4.40000000e-01  4.17392630e-01  4.40000000e-01  3.74853067e-01  4.40000000e-01  6.19831133e-01  4.40000000e-01  3.92774264e-01  4.40000000e-01  4.83576947e-01  4.40000000e-01  3.54087783e-01  4.40000000e-01  3.64389252e-01  4.40000000e-01  5.36828142e-01  4.40000000e-01  4.60268370e-01  4.40000000e-01  4.70343164e-01  4.40000000e-01  5.25374319e-01  4.40000000e-01  3.86510303e-01  4.40000000e-01  4.80429609e-01  4.40000000e-01  3.89206099e-01  4.40000000e-01  4.27388800e-01  4.40000000e-01  6.56567729e-01  4.40000000e-01  3.81298011e-01  4.40000000e-01  3.73565444e-01  4.40000000e-01  3.85253478e-01  4.40000000e-01  4.40767723e-01  4.40000000e-01  4.23625025e-01  4.40000000e-01  5.06870152e-01  4.40000000e-01  4.16513768e-01  4.40000000e-01  4.52106366e-01  4.40000000e-01  4.31644159e-01 
 4.60000000e-01  4.47523191e-01  4.60000000e-01  4.92221951e-01  4.60000000e-01  5.32453168e-01  4.60000000e-01  3.56296099e-01  4.60000000e-01  5.35615387e-01  4.60000000e-01  4.36365022e-01  4.60000000e-01  3.91891843e-01  4.60000000e-01  6.48005276e-01  4.60000000e-01  4.10627640e-01  4.60000000e-01  5.05557717e-01  4.60000000e-01  3.70182683e-01  4.60000000e-01  3.80952399e-01  4.60000000e-01  5.61229422e-01  4.60000000e-01  4.81189660e-01  4.60000000e-01  4.91722399e-01  4.60000000e-01  5.49254969e-01  4.60000000e-01  4.04078953e-01  4.60000000e-01  5.02267318e-01  4.60000000e-01  4.06897285e-01  4.60000000e-01  4.46815564e-01  4.60000000e-01  6.86411717e-01  4.60000000e-01  3.98629739e-01  4.60000000e-01  3.90545691e-01  4.60000000e-01  4.02765000e-01  4.60000000e-01  4.60802620e-01  4.60000000e-01  4.42880708e-01  4.60000000e-01  5.29909705e-01  4.60000000e-01  4.35446212e-01  4.60000000e-01  4.72656655e-01  4.60000000e-01  4.51264348e-01 
 4.80000000e-01  4.66980721e-01  4.80000000e-01  5.13622905e-01  4.80000000e-01  5.55603306e-01  4.80000000e-01  3.71787233e-01  4.80000000e-01  5.58903012e-01  4.80000000e-01  4.55337414e-01  4.80000000e-01  4.08930619e-01  4.80000000e-01  6.76179418e-01  4.80000000e-01  4.28481015e-01  4.80000000e-01  5.27538488e-01  4.80000000e-01  3.86277582e-01  4.80000000e-01  3.97515547e-01  4.80000000e-01  5.85630701e-01  4.80000000e-01  5.02110949e-01  4.80000000e-01  5.13101634e-01  4.80000000e-01  5.73135620e-01  4.80000000e-01  4.21647604e-01  4.80000000e-01  5.24105028e-01  4.80000000e-01  4.24588471e-01  4.80000000e-01  4.66242328e-01  4.80000000e-01  7.16255704e-01  4.80000000e-01  4.15961466e-01  4.80000000e-01  4.07525939e-01  4.80000000e-01  4.20276522e-01  4.80000000e-01  4.80837516e-01  4.80000000e-01  4.62136391e-01  4.80000000e-01  5.52949257e-01  4.80000000e-01  4.54378656e-01  4.80000000e-01  4.93206945e-01  4.80000000e-01  4.70884537e-01 
 5.00000000e-01  4.86438251e-01  5.00000000e-01  5.35023859e-01  5.00000000e-01  5.78753443e-01  5.00000000e-01  3.87278368e-01  5.00000000e-01  5.82190638e-01  5.00000000e-01  4.74309807e-01  5.00000000e-01  4.25969395e-01  5.00000000e-01  7.04353560e-01  5.00000000e-01  4.46334391e-01  5.00000000e-01  5.49519258e-01  5.00000000e-01  4.02372481e-01  5.00000000e-01  4.14078695e-01  5.00000000e-01  6.10031980e-01  5.00000000e-01  5.23032239e-01  5.00000000e-01  5.34480869e-01  5.00000000e-01  5.97016271e-01  5.00000000e-01  4.39216254e-01  5.00000000e-01  5.45942737e-01  5.00000000e-01  4.42279658e-01  5.00000000e-01  4.85669091e-01  5.00000000e-01  7.46099692e-01  5.00000000e-01  4.33293194e-01  5.00000000e-01  4.24506186e-01  5.00000000e-01  4.37788043e-01  5.00000000e-01  5.00872413e-01  5.00000000e-01  4.81392074e-01  5.00000000e-01  5.75988810e-01  5.00000000e-01  4.73311100e-01  5.00000000e-01  5.13757234e-01  5.00000000e-01  4.90504726e-01 
 5.20000000e-01  5.05895781e-01  5.20000000e-01  5.56424814e-01  5.20000000e-01  6.01903581e-01  5.20000000e-01  4.02769503e-01  5.20000000e-01  6.05478263e-01  5.20000000e-01  4.93282199e-01  5.20000000e-01  4.43008171e-01  5.20000000e-01  7.32527703e-01  5.20000000e-01  4.64187767e-01  5.20000000e-01  5.71500028e-01  5.20000000e-01  4.18467380e-01  5.20000000e-01  4.30641843e-01  5.20000000e-01  6.34433259e-01  5.20000000e-01  5.43953528e-01  5.20000000e-01  5.55860103e-01  5.20000000e-01  6.20896922e-01  5.20000000e-01  4.56784904e-01  5.20000000e-01  5.67780447e-01  5.20000000e-01  4.59970844e-01  5.20000000e-01  5.05095855e-01  5.20000000e-01  7.75943680e-01  5.20000000e-01  4.50624922e-01  5.20000000e-01  4.41486433e-01  5.20000000e-01  4.55299565e-01  5.20000000e-01  5.20907309e-01  5.20000000e-01  5.00647756e-01  5.20000000e-01  5.99028362e-01  5.20000000e-01  4.92243544e-01  5.20000000e-01  5.34307523e-01  5.20000000e-01  5.10124915e-01 
 5.40000000e-01  5.25353311e-01  5.40000000e-01  5.77825768e-01  5.40000000e-01  6.25053719e-01  5.40000000e-01  4.18260638e-01  5.40000000e-01  6.28765889e-01  5.40000000e-01  5.12254591e-01  5.40000000e-01  4.60046946e-01  5.40000000e-01  7.60701845e-01  5.40000000e-01  4.82041142e-01  5.40000000e-01  5.93480799e-01  5.40000000e-01  4.34562280e-01  5.40000000e-01  4.47204991e-01  5.40000000e-01  6.58834538e-01  5.40000000e-01  5.64874818e-01  5.40000000e-01  5.77239338e-01  5.40000000e-01  6.44777573e-01  5.40000000e-01  4.74353554e-01  5.40000000e-01  5.89618156e-01  5.40000000e-01  4.77662030e-01  5.40000000e-01  5.24522618e-01  5.40000000e-01  8.05787667e-01  5.40000000e-01  4.67956650e-01  5.40000000e-01  4.58466681e-01  5.40000000e-01  4.72811087e-01  5.40000000e-01  5.40942206e-01  5.40000000e-01  5.19903439e-01  5.40000000e-01  6.22067914e-01  5.40000000e-01  5.11175988e-01  5.40000000e-01  5.54857813e-01  5.40000000e-01  5.29745104e-01 
 5.60000000e-01  5.44810841e-01  5.60000000e-01  5.99226722e-01  5.60000000e-01  6.48203857e-01  5.60000000e-01  4.33751772e-01  5.60000000e-01  6.52053514e-01  5.60000000e-01  5.31226983e-01  5.60000000e-01  4.77085722e-01  5.60000000e-01  7.88875988e-01  5.60000000e-01  4.99894518e-01  5.60000000e-01  6.15461569e-01  5.60000000e-01  4.50657179e-01  5.60000000e-01  4.63768138e-01  5.60000000e-01  6.83235817e-01  5.60000000e-01  5.85796107e-01  5.60000000e-01  5.98618573e-01  5.60000000e-01  6.68658224e-01  5.60000000e-01  4.91922204e-01  5.60000000e-01  6.11455866e-01  5.60000000e-01  4.95353217e-01  5.60000000e-01  5.43949382e-01  5.60000000e-01  8.35631655e-01  5.60000000e-01  4.85288378e-01  5.60000000e-01  4.75446928e-01  5.60000000e-01  4.90322609e-01  5.60000000e-01  5.60977103e-01  5.60000000e-01  5.39159122e-01  5.60000000e-01  6.45107467e-01  5.60000000e-01  5.30108432e-01  5.60000000e-01  5.75408102e-01  5.60000000e-01  5.49365293e-01 
 5.80000000e-01  5.64268371e-01  5.80000000e-01  6.20627677e-01  5.80000000e-01  6.71353994e-01  5.80000000e-01  4.49242907e-01  5.80000000e-01  6.75341140e-01  5.80000000e-01  5.50199376e-01  5.80000000e-01  4.94124498e-01  5.80000000e-01  8.17050130e-01  5.80000000e-01  5.17747893e-01  5.80000000e-01  6.37442339e-01  5.80000000e-01  4.66752078e-01  5.80000000e-01  4.80331286e-01  5.80000000e-01  7.07637097e-01  5.80000000e-01  6.06717397e-01  5.80000000e-01  6.19997808e-01  5.80000000e-01  6.92538874e-01  5.80000000e-01  5.09490854e-01  5.80000000e-01  6.33293575e-01  5.80000000e-01  5.13044403e-01  5.80000000e-01  5.63376146e-01  5.80000000e-01  8.65475643e-01  5.80000000e-01  5.02620105e-01  5.80000000e-01  4.92427176e-01  5.80000000e-01  5.07834130e-01  5.80000000e-01  5.81011999e-01  5.80000000e-01  5.58414805e-01  5.80000000e-01  6.68147019e-01  5.80000000e-01  5.49040876e-01  5.80000000e-01  5.95958391e-01  5.80000000e-01  5.68985482e-01 
 6.00000000e-01  5.83725901e-01  6.00000000e-01  6.42028631e-01  6.00000000e-01  6.94504132e-01  6.00000000e-01  4.64734042e-01  6.00000000e-01  6.98628765e-01  6.00000000e-01  5.69171768e-01  6.00000000e-01  5.11163274e-01  6.00000000e-01  8.45224273e-01  6.00000000e-01  5.35601269e-01  6.00000000e-01  6.59423110e-01  6.00000000e-01  4.82846977e-01  6.00000000e-01  4.96894434e-01  6.00000000e-01  7.32038376e-01  6.00000000e-01  6.27638686e-01  6.00000000e-01  6.41377042e-01  6.00000000e-01  7.16419525e-01  6.00000000e-01  5.27059505e-01  6.00000000e-01  6.55131285e-01  6.00000000e-01  5.30735589e-01  6.00000000e-01  5.82802909e-01  6.00000000e-01  8.95319630e-01  6.00000000e-01  5.19951833e-01  6.00000000e-01  5.09407423e-01  6.00000000e-01  5.25345652e-01  6.00000000e-01  6.01046896e-01  6.00000000e-01  5.77670488e-01  6.00000000e-01  6.91186572e-01  6.00000000e-01  5.67973320e-01  6.00000000e-01  6.16508681e-01  6.00000000e-01  5.88605671e-01 
 6.20000000e-01  6.03183431e-01  6.20000000e-01  6.63429585e-01  6.20000000e-01  7.17654270e-01  6.20000000e-01  4.80225176e-01  6.20000000e-01  7.21916391e-01  6.20000000e-01  5.88144160e-01  6.20000000e-01  5.28202050e-01  6.20000000e-01  8.73398415e-01  6.20000000e-01  5.53454645e-01  6.20000000e-01  6.81403880e-01  6.20000000e-01  4.98941877e-01  6.20000000e-01  5.13457582e-01  6.20000000e-01  7.56439655e-01  6.20000000e-01  6.48559976e-01  6.20000000e-01  6.62756277e-01  6.20000000e-01  7.40300176e-01  6.20000000e-01  5.44628155e-01  6.20000000e-01  6.76968994e-01  6.20000000e-01  5.48426776e-01  6.20000000e-01  6.02229673e-01  6.20000000e-01  9.25163618e-01  6.20000000e-01  5.37283561e-01  6.20000000e-01  5.26387671e-01  6.20000000e-01  5.42857174e-01  6.20000000e-01  6.21081792e-01  6.20000000e-01  5.96926171e-01  6.20000000e-01  7.14226124e-01  6.20000000e-01  5.86905764e-01  6.20000000e-01  6.37058970e-01  6.20000000e-01  6.08225861e-01 
 6.40000000e-01  6.22640961e-01  6.40000000e-01  6.84830540e-01  6.40000000e-01  7.40804408e-01  6.40000000e-01  4.95716311e-01  6.40000000e-01  7.45204016e-01  6.40000000e-01  6.07116553e-01  6.40000000e-01  5.45240825e-01  6.40000000e-01  9.01572557e-01  6.40000000e-01  5.71308020e-01  6.40000000e-01  7.03384650e-01  6.40000000e-01  5.15036776e-01  6.40000000e-01  5.30020730e-01  6.40000000e-01  7.80840934e-01  6.40000000e-01  6.69481266e-01  6.40000000e-01  6.84135512e-01  6.40000000e-01  7.64180827e-01  6.40000000e-01  5.62196805e-01  6.40000000e-01  6.98806704e-01  6.40000000e-01  5.66117962e-01  6.40000000e-01  6.21656437e-01  6.40000000e-01  9.55007606e-01  6.40000000e-01  5.54615289e-01  6.40000000e-01  5.43367918e-01  6.40000000e-01  5.60368696e-01  6.40000000e-01  6.41116689e-01  6.40000000e-01  6.16181854e-01  6.40000000e-01  7.37265676e-01  6.40000000e-01  6.05838208e-01  6.40000000e-01  6.57609259e-01  6.40000000e-01  6.27846050e-01 
 6.60000000e-01  6.42098491e-01  6.60000000e-01  7.06231494e-01  6.60000000e-01  7.63954545e-01  6.60000000e-01  5.11207446e-01  6.60000000e-01  7.68491642e-01  6.60000000e-01  6.26088945e-01  6.60000000e-01  5.62279601e-01  6.60000000e-01  9.29746700e-01  6.60000000e-01  5.89161396e-01  6.60000000e-01  7.25365421e-01  6.60000000e-01  5.31131675e-01  6.60000000e-01  5.46583878e-01  6.60000000e-01  8.05242213e-01  6.60000000e-01  6.90402555e-01  6.60000000e-01  7.05514747e-01  6.60000000e-01  7.88061478e-01  6.60000000e-01  5.79765455e-01  6.60000000e-01  7.20644413e-01  6.60000000e-01  5.83809148e-01  6.60000000e-01  6.41083200e-01  6.60000000e-01  9.84851593e-01  6.60000000e-01  5.71947016e-01  6.60000000e-01  5.60348166e-01  6.60000000e-01  5.77880217e-01  6.60000000e-01  6.61151585e-01  6.60000000e-01  6.35437537e-01  6.60000000e-01  7.60305229e-01  6.60000000e-01  6.24770652e-01  6.60000000e-01  6.78159549e-01  6.60000000e-01  6.47466239e-01 
 6.80000000e-01  6.61556021e-01  6.80000000e-01  7.27632449e-01  6.80000000e-01  7.87104683e-01  6.80000000e-01  5.26698581e-01  6.80000000e-01  7.91779267e-01  6.80000000e-01  6.45061337e-01  6.80000000e-01  5.79318377e-01  6.80000000e-01  9.57920842e-01  6.80000000e-01  6.07014772e-01  6.80000000e-01  7.47346191e-01  6.80000000e-01  5.47226574e-01  6.80000000e-01  5.63147025e-01  6.80000000e-01  8.29643493e-01  6.80000000e-01  7.11323845e-01  6.80000000e-01  7.26893981e-01  6.80000000e-01  8.11942129e-01  6.80000000e-01  5.97334105e-01  6.80000000e-01  7.42482123e-01  6.80000000e-01  6.01500334e-01  6.80000000e-01  6.60509964e-01  6.80000000e-01  1.01469558e+00  6.80000000e-01  5.89278744e-01  6.80000000e-01  5.77328413e-01  6.80000000e-01  5.95391739e-01  6.80000000e-01  6.81186482e-01  6.80000000e-01  6.54693220e-01  6.80000000e-01  7.83344781e-01  6.80000000e-01  6.43703096e-01  6.80000000e-01  6.98709838e-01  6.80000000e-01  6.67086428e-01 
 7.00000000e-01  6.81013551e-01  7.00000000e-01  7.49033403e-01  7.00000000e-01  8.10254821e-01  7.00000000e-01  5.42189715e-01  7.00000000e-01  8.15066893e-01  7.00000000e-01  6.64033729e-01  7.00000000e-01  5.96357153e-01  7.00000000e-01  9.86094985e-01  7.00000000e-01  6.24868147e-01  7.00000000e-01  7.69326961e-01  7.00000000e-01  5.63321474e-01  7.00000000e-01  5.79710173e-01  7.00000000e-01  8.54044772e-01  7.00000000e-01  7.32245134e-01  7.00000000e-01  7.48273216e-01  7.00000000e-01  8.35822780e-01  7.00000000e-01  6.14902755e-01  7.00000000e-01  7.64319832e-01  7.00000000e-01  6.19191521e-01  7.00000000e-01  6.79936728e-01  7.00000000e-01  1.04453957e+00  7.00000000e-01  6.06610472e-01  7.00000000e-01  5.94308660e-01  7.00000000e-01  6.12903261e-01  7.00000000e-01  7.01221378e-01  7.00000000e-01  6.73948903e-01  7.00000000e-01  8.06384333e-01  7.00000000e-01  6.62635540e-01  7.00000000e-01  7.19260128e-01  7.00000000e-01  6.86706617e-01 
 7.20000000e-01  7.00471081e-01  7.20000000e-01  7.70434357e-01  7.20000000e-01  8.33404958e-01  7.20000000e-01  5.57680850e-01  7.20000000e-01  8.38354518e-01  7.20000000e-01  6.83006122e-01  7.20000000e-01  6.13395928e-01  7.20000000e-01  1.01426913e+00  7.20000000e-01  6.42721523e-01  7.20000000e-01  7.91307732e-01  7.20000000e-01  5.79416373e-01  7.20000000e-01  5.96273321e-01  7.20000000e-01  8.78446051e-01  7.20000000e-01  7.53166424e-01  7.20000000e-01  7.69652451e-01  7.20000000e-01  8.59703430e-01  7.20000000e-01  6.32471405e-01  7.20000000e-01  7.86157542e-01  7.20000000e-01  6.36882707e-01  7.20000000e-01  6.99363491e-01  7.20000000e-01  1.07438356e+00  7.20000000e-01  6.23942200e-01  7.20000000e-01  6.11288908e-01  7.20000000e-01  6.30414783e-01  7.20000000e-01  7.21256275e-01  7.20000000e-01  6.93204586e-01  7.20000000e-01  8.29423886e-01  7.20000000e-01  6.81567984e-01  7.20000000e-01  7.39810417e-01  7.20000000e-01  7.06326806e-01 
 7.40000000e-01  7.19928611e-01  7.40000000e-01  7.91835312e-01  7.40000000e-01  8.56555096e-01  7.40000000e-01  5.73171985e-01  7.40000000e-01  8.61642144e-01  7.40000000e-01  7.01978514e-01  7.40000000e-01  6.30434704e-01  7.40000000e-01  1.04244327e+00  7.40000000e-01  6.60574899e-01  7.40000000e-01  8.13288502e-01  7.40000000e-01  5.95511272e-01  7.40000000e-01  6.12836469e-01  7.40000000e-01  9.02847330e-01  7.40000000e-01  7.74087713e-01  7.40000000e-01  7.91031686e-01  7.40000000e-01  8.83584081e-01  7.40000000e-01  6.50040056e-01  7.40000000e-01  8.07995251e-01  7.40000000e-01  6.54573893e-01  7.40000000e-01  7.18790255e-01  7.40000000e-01  1.10422754e+00  7.40000000e-01  6.41273927e-01  7.40000000e-01  6.28269155e-01  7.40000000e-01  6.47926304e-01  7.40000000e-01  7.41291171e-01  7.40000000e-01  7.12460269e-01  7.40000000e-01  8.52463438e-01  7.40000000e-01  7.00500428e-01  7.40000000e-01  7.60360706e-01  7.40000000e-01  7.25946995e-01 
 7.60000000e-01  7.39386141e-01  7.60000000e-01  8.13236266e-01  7.60000000e-01  8.79705234e-01  7.60000000e-01  5.88663119e-01  7.60000000e-01  8.84929769e-01  7.60000000e-01  7.20950906e-01  7.60000000e-01  6.47473480e-01  7.60000000e-01  1.07061741e+00  7.60000000e-01  6.78428274e-01  7.60000000e-01  8.35269272e-01  7.60000000e-01  6.11606171e-01  7.60000000e-01  6.29399617e-01  7.60000000e-01  9.27248609e-01  7.60000000e-01  7.95009003e-01  7.60000000e-01  8.12410920e-01  7.60000000e-01  9.07464732e-01  7.60000000e-01  6.67608706e-01  7.60000000e-01  8.29832961e-01  7.60000000e-01  6.72265080e-01  7.60000000e-01  7.38217019e-01  7.60000000e-01  1.13407153e+00  7.60000000e-01  6.58605655e-01  7.60000000e-01  6.45249403e-01  7.60000000e-01  6.65437826e-01  7.60000000e-01  7.61326068e-01  7.60000000e-01  7.31715952e-01  7.60000000e-01  8.75502991e-01  7.60000000e-01  7.19432872e-01  7.60000000e-01  7.80910996e-01  7.60000000e-01  7.45567184e-01 
 7.80000000e-01  7.58843671e-01  7.80000000e-01  8.34637220e-01  7.80000000e-01  9.02855372e-01  7.80000000e-01  6.04154254e-01  7.80000000e-01  9.08217395e-01  7.80000000e-01  7.39923298e-01  7.80000000e-01  6.64512256e-01  7.80000000e-01  1.09879155e+00  7.80000000e-01  6.96281650e-01  7.80000000e-01  8.57250043e-01  7.80000000e-01  6.27701071e-01  7.80000000e-01  6.45962764e-01  7.80000000e-01  9.51649889e-01  7.80000000e-01  8.15930292e-01  7.80000000e-01  8.33790155e-01  7.80000000e-01  9.31345383e-01  7.80000000e-01  6.85177356e-01  7.80000000e-01  8.51670670e-01  7.80000000e-01  6.89956266e-01  7.80000000e-01  7.57643782e-01  7.80000000e-01  1.16391552e+00  7.80000000e-01  6.75937383e-01  7.80000000e-01  6.62229650e-01  7.80000000e-01  6.82949348e-01  7.80000000e-01  7.81360964e-01  7.80000000e-01  7.50971635e-01  7.80000000e-01  8.98542543e-01  7.80000000e-01  7.38365316e-01  7.80000000e-01  8.01461285e-01  7.80000000e-01  7.65187373e-01 
 8.00000000e-01  7.78301201e-01  8.00000000e-01  8.56038175e-01  8.00000000e-01  9.26005509e-01  8.00000000e-01  6.19645389e-01  8.00000000e-01  9.31505020e-01  8.00000000e-01  7.58895691e-01  8.00000000e-01  6.81551032e-01  8.00000000e-01  1.12696570e+00  8.00000000e-01  7.14135025e-01  8.00000000e-01  8.79230813e-01  8.00000000e-01  6.43795970e-01  8.00000000e-01  6.62525912e-01  8.00000000e-01  9.76051168e-01  8.00000000e-01  8.36851582e-01  8.00000000e-01  8.55169390e-01  8.00000000e-01  9.55226034e-01  8.00000000e-01  7.02746006e-01  8.00000000e-01  8.73508380e-01  8.00000000e-01  7.07647452e-01  8.00000000e-01  7.77070546e-01  8.00000000e-01  1.19375951e+00  8.00000000e-01  6.93269111e-01  8.00000000e-01  6.79209898e-01  8.00000000e-01  7.00460869e-01  8.00000000e-01  8.01395861e-01  8.00000000e-01  7.70227318e-01  8.00000000e-01  9.21582095e-01  8.00000000e-01  7.57297760e-01  8.00000000e-01  8.22011574e-01  8.00000000e-01  7.84807562e-01 
 8.20000000e-01  7.97758731e-01  8.20000000e-01  8.77439129e-01  8.20000000e-01  9.49155647e-01  8.20000000e-01  6.35136524e-01  8.20000000e-01  9.54792646e-01  8.20000000e-01  7.77868083e-01  8.20000000e-01  6.98589807e-01  8.20000000e-01  1.15513984e+00  8.20000000e-01  7.31988401e-01  8.20000000e-01  9.01211583e-01  8.20000000e-01  6.59890869e-01  8.20000000e-01  6.79089060e-01  8.20000000e-01  1.00045245e+00  8.20000000e-01  8.57772871e-01  8.20000000e-01  8.76548625e-01  8.20000000e-01  9.79106685e-01  8.20000000e-01  7.20314656e-01  8.20000000e-01  8.95346089e-01  8.20000000e-01  7.25338639e-01  8.20000000e-01  7.96497310e-01  8.20000000e-01  1.22360349e+00  8.20000000e-01  7.10600839e-01  8.20000000e-01  6.96190145e-01  8.20000000e-01  7.17972391e-01  8.20000000e-01  8.21430757e-01  8.20000000e-01  7.89483001e-01  8.20000000e-01  9.44621648e-01  8.20000000e-01  7.76230204e-01  8.20000000e-01  8.42561864e-01  8.20000000e-01  8.04427751e-01 
 8.40000000e-01  8.17216261e-01  8.40000000e-01  8.98840084e-01  8.40000000e-01  9.72305785e-01  8.40000000e-01  6.50627658e-01  8.40000000e-01  9.78080271e-01  8.40000000e-01  7.96840475e-01  8.40000000e-01  7.15628583e-01  8.40000000e-01  1.18331398e+00  8.40000000e-01  7.49841777e-01  8.40000000e-01  9.23192353e-01  8.40000000e-01  6.75985768e-01  8.40000000e-01  6.95652208e-01  8.40000000e-01  1.02485373e+00  8.40000000e-01  8.78694161e-01  8.40000000e-01  8.97927859e-01  8.40000000e-01  1.00298734e+00  8.40000000e-01  7.37883306e-01  8.40000000e-01  9.17183799e-01  8.40000000e-01  7.43029825e-01  8.40000000e-01  8.15924073e-01  8.40000000e-01  1.25344748e+00  8.40000000e-01  7.27932566e-01  8.40000000e-01  7.13170392e-01  8.40000000e-01  7.35483913e-01  8.40000000e-01  8.41465654e-01  8.40000000e-01  8.08738683e-01  8.40000000e-01  9.67661200e-01  8.40000000e-01  7.95162648e-01  8.40000000e-01  8.63112153e-01  8.40000000e-01  8.24047940e-01 
 8.60000000e-01  8.36673791e-01  8.60000000e-01  9.20241038e-01  8.60000000e-01  9.95455923e-01  8.60000000e-01  6.66118793e-01  8.60000000e-01  1.00136790e+00  8.60000000e-01  8.15812867e-01  8.60000000e-01  7.32667359e-01  8.60000000e-01  1.21148812e+00  8.60000000e-01  7.67695152e-01  8.60000000e-01  9.45173124e-01  8.60000000e-01  6.92080668e-01  8.60000000e-01  7.12215356e-01  8.60000000e-01  1.04925501e+00  8.60000000e-01  8.99615451e-01  8.60000000e-01  9.19307094e-01  8.60000000e-01  1.02686799e+00  8.60000000e-01  7.55451956e-01  8.60000000e-01  9.39021508e-01  8.60000000e-01  7.60721011e-01  8.60000000e-01  8.35350837e-01  8.60000000e-01  1.28329147e+00  8.60000000e-01  7.45264294e-01  8.60000000e-01  7.30150640e-01  8.60000000e-01  7.52995435e-01  8.60000000e-01  8.61500550e-01  8.60000000e-01  8.27994366e-01  8.60000000e-01  9.90700753e-01  8.60000000e-01  8.14095092e-01  8.60000000e-01  8.83662442e-01  8.60000000e-01  8.43668129e-01 
 8.80000000e-01  8.56131321e-01  8.80000000e-01  9.41641992e-01  8.80000000e-01  1.01860606e+00  8.80000000e-01  6.81609928e-01  8.80000000e-01  1.02465552e+00  8.80000000e-01  8.34785260e-01  8.80000000e-01  7.49706135e-01  8.80000000e-01  1.23966227e+00  8.80000000e-01  7.85548528e-01  8.80000000e-01  9.67153894e-01  8.80000000e-01  7.08175567e-01  8.80000000e-01  7.28778503e-01  8.80000000e-01  1.07365628e+00  8.80000000e-01  9.20536740e-01  8.80000000e-01  9.40686329e-01  8.80000000e-01  1.05074864e+00  8.80000000e-01  7.73020607e-01  8.80000000e-01  9.60859218e-01  8.80000000e-01  7.78412198e-01  8.80000000e-01  8.54777600e-01  8.80000000e-01  1.31313546e+00  8.80000000e-01  7.62596022e-01  8.80000000e-01  7.47130887e-01  8.80000000e-01  7.70506956e-01  8.80000000e-01  8.81535447e-01  8.80000000e-01  8.47250049e-01  8.80000000e-01  1.01374030e+00  8.80000000e-01  8.33027536e-01  8.80000000e-01  9.04212732e-01  8.80000000e-01  8.63288318e-01 
 9.00000000e-01  8.75588851e-01  9.00000000e-01  9.63042947e-01  9.00000000e-01  1.04175620e+00  9.00000000e-01  6.97101063e-01  9.00000000e-01  1.04794315e+00  9.00000000e-01  8.53757652e-01  9.00000000e-01  7.66744911e-01  9.00000000e-01  1.26783641e+00  9.00000000e-01  8.03401904e-01  9.00000000e-01  9.89134664e-01  9.00000000e-01  7.24270466e-01  9.00000000e-01  7.45341651e-01  9.00000000e-01  1.09805756e+00  9.00000000e-01  9.41458030e-01  9.00000000e-01  9.62065564e-01  9.00000000e-01  1.07462929e+00  9.00000000e-01  7.90589257e-01  9.00000000e-01  9.82696927e-01  9.00000000e-01  7.96103384e-01  9.00000000e-01  8.74204364e-01  9.00000000e-01  1.34297945e+00  9.00000000e-01  7.79927750e-01  9.00000000e-01  7.64111135e-01  9.00000000e-01  7.88018478e-01  9.00000000e-01  9.01570343e-01  9.00000000e-01  8.66505732e-01  9.00000000e-01  1.03677986e+00  9.00000000e-01  8.51959980e-01  9.00000000e-01  9.24763021e-01  9.00000000e-01  8.82908507e-01 
 9.20000000e-01  8.95046381e-01  9.20000000e-01  9.84443901e-01  9.20000000e-01  1.06490634e+00  9.20000000e-01  7.12592197e-01  9.20000000e-01  1.07123077e+00  9.20000000e-01  8.72730044e-01  9.20000000e-01  7.83783686e-01  9.20000000e-01  1.29601055e+00  9.20000000e-01  8.21255279e-01  9.20000000e-01  1.01111543e+00  9.20000000e-01  7.40365365e-01  9.20000000e-01  7.61904799e-01  9.20000000e-01  1.12245884e+00  9.20000000e-01  9.62379319e-01  9.20000000e-01  9.83444798e-01  9.20000000e-01  1.09850994e+00  9.20000000e-01  8.08157907e-01  9.20000000e-01  1.00453464e+00  9.20000000e-01  8.13794570e-01  9.20000000e-01  8.93631128e-01  9.20000000e-01  1.37282343e+00  9.20000000e-01  7.97259477e-01  9.20000000e-01  7.81091382e-01  9.20000000e-01  8.05530000e-01  9.20000000e-01  9.21605240e-01  9.20000000e-01  8.85761415e-01  9.20000000e-01  1.05981941e+00  9.20000000e-01  8.70892424e-01  9.20000000e-01  9.45313311e-01  9.20000000e-01  9.02528696e-01 
 9.40000000e-01  9.14503911e-01  9.40000000e-01  1.00584486e+00  9.40000000e-01  1.08805647e+00  9.40000000e-01  7.28083332e-01  9.40000000e-01  1.09451840e+00  9.40000000e-01  8.91702436e-01  9.40000000e-01  8.00822462e-01  9.40000000e-01  1.32418469e+00  9.40000000e-01  8.39108655e-01  9.40000000e-01  1.03309621e+00  9.40000000e-01  7.56460265e-01  9.40000000e-01  7.78467947e-01  9.40000000e-01  1.14686012e+00  9.40000000e-01  9.83300609e-01  9.40000000e-01  1.00482403e+00  9.40000000e-01  1.12239059e+00  9.40000000e-01  8.25726557e-01  9.40000000e-01  1.02637235e+00  9.40000000e-01  8.31485756e-01  9.40000000e-01  9.13057891e-01  9.40000000e-01  1.40266742e+00  9.40000000e-01  8.14591205e-01  9.40000000e-01  7.98071630e-01  9.40000000e-01  8.23041522e-01  9.40000000e-01  9.41640136e-01  9.40000000e-01  9.05017098e-01  9.40000000e-01  1.08285896e+00  9.40000000e-01  8.89824868e-01  9.40000000e-01  9.65863600e-01  9.40000000e-01  9.22148885e-01 
 9.60000000e-01  9.33961441e-01  9.60000000e-01  1.02724581e+00  9.60000000e-01  1.11120661e+00  9.60000000e-01  7.43574467e-01  9.60000000e-01  1.11780602e+00  9.60000000e-01  9.10674829e-01  9.60000000e-01  8.17861238e-01  9.60000000e-01  1.35235884e+00  9.60000000e-01  8.56962031e-01  9.60000000e-01  1.05507698e+00  9.60000000e-01  7.72555164e-01  9.60000000e-01  7.95031095e-01  9.60000000e-01  1.17126140e+00  9.60000000e-01  1.00422190e+00  9.60000000e-01  1.02620327e+00  9.60000000e-01  1.14627124e+00  9.60000000e-01  8.43295207e-01  9.60000000e-01  1.04821006e+00  9.60000000e-01  8.49176943e-01  9.60000000e-01  9.32484655e-01  9.60000000e-01  1.43251141e+00  9.60000000e-01  8.31922933e-01  9.60000000e-01  8.15051877e-01  9.60000000e-01  8.40553043e-01  9.60000000e-01  9.61675033e-01  9.60000000e-01  9.24272781e-01  9.60000000e-01  1.10589851e+00  9.60000000e-01  9.08757312e-01  9.60000000e-01  9.86413889e-01  9.60000000e-01  9.41769074e-01 
 9.80000000e-01  9.53418971e-01  9.80000000e-01  1.04864676e+00  9.80000000e-01  1.13435675e+00  9.80000000e-01  7.59065601e-01  9.80000000e-01  1.14109365e+00  9.80000000e-01  9.29647221e-01  9.80000000e-01  8.34900014e-01  9.80000000e-01  1.38053298e+00  9.80000000e-01  8.74815406e-01  9.80000000e-01  1.07705775e+00  9.80000000e-01  7.88650063e-01  9.80000000e-01  8.11594242e-01  9.80000000e-01  1.19566268e+00  9.80000000e-01  1.02514319e+00  9.80000000e-01  1.04758250e+00  9.80000000e-01  1.17015189e+00  9.80000000e-01  8.60863857e-01  9.80000000e-01  1.07004777e+00  9.80000000e-01  8.66868129e-01  9.80000000e-01  9.51911419e-01  9.80000000e-01  1.46235540e+00  9.80000000e-01  8.49254661e-01  9.80000000e-01  8.32032125e-01  9.80000000e-01  8.58064565e-01  9.80000000e-01  9.81709929e-01  9.80000000e-01  9.43528464e-01  9.80000000e-01  1.12893807e+00  9.80000000e-01  9.27689756e-01  9.80000000e-01  1.00696418e+00  9.80000000e-01  9.61389263e-01 
 1.00000000e+00  9.72876501e-01  1.00000000e+00  1.07004772e+00  1.00000000e+00  1.15750689e+00  1.00000000e+00  7.74556736e-01  1.00000000e+00  1.16438128e+00  1.00000000e+00  9.48619613e-01  1.00000000e+00  8.51938790e-01  1.00000000e+00  1.40870712e+00  1.00000000e+00  8.92668782e-01  1.00000000e+00  1.09903852e+00  1.00000000e+00  8.04744962e-01  1.00000000e+00  8.28157390e-01  1.00000000e+00  1.22006396e+00  1.00000000e+00  1.04606448e+00  1.00000000e+00  1.06896174e+00  1.00000000e+00  1.19403254e+00  1.00000000e+00  8.78432508e-01  1.00000000e+00  1.09188547e+00  1.00000000e+00  8.84559315e-01  1.00000000e+00  9.71338182e-01  1.00000000e+00  1.49219938e+00  1.00000000e+00  8.66586388e-01  1.00000000e+00  8.49012372e-01  1.00000000e+00  8.75576087e-01  1.00000000e+00  1.00174483e+00  1.00000000e+00  9.62784147e-01  1.00000000e+00  1.15197762e+00  1.00000000e+00  9.46622200e-01  1.00000000e+00  1.02751447e+00  1.00000000e+00  9.81009452e-01 
